    4.37373738E-01    1.57079506E+00    1.66962020E-02    9.99420724E-05   -4.78922465E-03
    4.37373738E-01    1.57079506E+00    3.33497028E-02    9.99001203E-05   -7.32444776E-03
    4.37373738E-01    1.57079506E+00    5.00032035E-02    9.98844731E-05   -8.32310235E-03
    4.37373738E-01    1.57079506E+00    6.66994056E-02    9.97761215E-05   -1.06835924E-02
    4.37373738E-01    1.57079506E+00    8.33529063E-02    9.93644362E-05   -1.73712664E-02
    4.37373738E-01    1.57079506E+00    1.00006407E-01    9.92795049E-05   -1.51391886E-02
    4.37373738E-01    1.57079506E+00    1.16702609E-01    1.01064946E-04    1.96947792E-02
    4.37373738E-01    1.57079506E+00    1.33356110E-01    1.05660600E-04    8.70994389E-02
    4.37373738E-01    1.57079506E+00    1.50009611E-01    1.13886606E-04    1.85340190E-01
    4.37373738E-01    1.57079506E+00    1.66705813E-01    1.26881690E-04    3.02605624E-01
    4.37373738E-01    1.57079506E+00    1.83359313E-01    1.39155834E-04    3.63606859E-01
    4.37373738E-01    1.57079506E+00    2.00012814E-01    1.51736835E-04    4.15528312E-01
    4.37373738E-01    1.57079506E+00    2.16709016E-01    2.02886990E-04    7.38751029E-01
    4.37373738E-01    1.57079506E+00    2.33362517E-01    7.01396224E-04    1.51316305E+00
    4.37373738E-01    1.57079506E+00    2.50016018E-01    3.75487005E-03    1.70633134E+00
    4.37373738E-01    1.57079506E+00    2.66669518E-01    1.48035761E-02    1.66298455E+00
    4.37373738E-01    1.57079506E+00    2.83365720E-01    4.28038111E-02    1.59009413E+00
    4.37373738E-01    1.57079506E+00    3.00019221E-01    9.88087159E-02    1.51923332E+00
    4.37373738E-01    1.57079506E+00    3.16672722E-01    1.94988394E-01    1.45431328E+00
    4.37373738E-01    1.57079506E+00    3.33368924E-01    3.43507103E-01    1.39499080E+00
    4.37373738E-01    1.57079506E+00    3.50022425E-01    5.53824647E-01    1.34080807E+00
    4.37373738E-01    1.57079506E+00    3.66675925E-01    8.34232103E-01    1.29089499E+00
    4.37373738E-01    1.57079506E+00    3.83372127E-01    1.19115476E+00    1.24455266E+00
    4.37373738E-01    1.57079506E+00    4.00025628E-01    1.62565260E+00    1.20158841E+00
    4.37373738E-01    1.57079506E+00    4.16679129E-01    2.13921742E+00    1.16156497E+00
    4.37373738E-01    1.57079506E+00    4.33375331E-01    2.73224795E+00    1.12410707E+00
    4.37373738E-01    1.57079506E+00    4.50028832E-01    3.39883928E+00    1.08913975E+00
    4.37373738E-01    1.57079506E+00    4.66682332E-01    4.13625093E+00    1.05633851E+00
    4.37373738E-01    1.57079506E+00    4.83335833E-01    4.93944416E+00    1.02551974E+00
    4.37373738E-01    1.57079506E+00    5.00032035E-01    5.80513046E+00    9.96457483E-01
    4.37373738E-01    1.57079506E+00    5.16685536E-01    6.72297518E+00    9.69157440E-01
    4.37373738E-01    1.57079506E+00    5.33339037E-01    7.68901573E+00    9.43403953E-01
    4.37373738E-01    1.57079506E+00    5.50035239E-01    8.69967065E+00    9.19004440E-01
    4.37373738E-01    1.57079506E+00    5.66688739E-01    9.74356711E+00    8.95965473E-01
    4.37373738E-01    1.57079506E+00    5.83342240E-01    1.08172225E+01    8.74121098E-01
    4.37373738E-01    1.57079506E+00    6.00038442E-01    1.19177560E+01    8.53332386E-01
    4.37373738E-01    1.57079506E+00    6.16691943E-01    1.30341617E+01    8.33629061E-01
    4.37373738E-01    1.57079506E+00    6.33345444E-01    1.41641956E+01    8.14883812E-01
    4.37373738E-01    1.57079506E+00    6.50041646E-01    1.53060637E+01    7.96982344E-01
    4.37373738E-01    1.57079506E+00    6.66695147E-01    1.64495166E+01    7.79952159E-01
    4.37373738E-01    1.57079506E+00    6.83348647E-01    1.75934103E+01    7.63688801E-01
    4.37373738E-01    1.57079506E+00    7.00002148E-01    1.87340860E+01    7.48143156E-01
    4.37373738E-01    1.57079506E+00    7.16698350E-01    1.98712071E+01    7.33235404E-01
    4.37373738E-01    1.57079506E+00    7.33351851E-01    2.09961099E+01    7.19002861E-01
    4.37373738E-01    1.57079506E+00    7.50005352E-01    2.21091939E+01    7.05369023E-01
    4.37373738E-01    1.57079506E+00    7.66701554E-01    2.32110652E+01    6.92267315E-01
    4.37373738E-01    1.57079506E+00    7.83355054E-01    2.42940931E+01    6.79728899E-01
    4.37373738E-01    1.57079506E+00    8.00008555E-01    2.53591480E+01    6.67677648E-01
    4.37373738E-01    1.57079506E+00    8.16704757E-01    2.64069283E+01    6.56041984E-01
    4.37373738E-01    1.57079506E+00    8.33358258E-01    2.74303840E+01    6.44850484E-01
    4.37373738E-01    1.57079506E+00    8.50011759E-01    2.84309454E+01    6.34052924E-01
    4.37373738E-01    1.57079506E+00    8.66707961E-01    2.94101067E+01    6.23606278E-01
    4.37373738E-01    1.57079506E+00    8.83361461E-01    3.03621137E+01    6.13548035E-01
    4.37373738E-01    1.57079506E+00    9.00014962E-01    3.12888527E+01    6.03832460E-01
    4.37373738E-01    1.57079506E+00    9.16668463E-01    3.21897765E+01    5.94442104E-01
    4.37373738E-01    1.57079506E+00    9.33364665E-01    3.30666728E+01    5.85338182E-01
    4.37373738E-01    1.57079506E+00    9.50018166E-01    3.39148090E+01    5.76553724E-01
    4.37373738E-01    1.57079506E+00    9.66671666E-01    3.47363108E+01    5.68050364E-01
    4.37373738E-01    1.57079506E+00    9.83367868E-01    3.55331325E+01    5.59795058E-01
    4.37373738E-01    1.57079506E+00    1.00002137E+00    3.63011580E+01    5.51815473E-01
    4.37373738E-01    1.57079506E+00    1.01667487E+00    3.70424767E+01    5.44078114E-01
    4.37373738E-01    1.57079506E+00    1.03337107E+00    3.77590058E+01    5.36554337E-01
    4.37373738E-01    1.57079506E+00    1.05002457E+00    3.84471868E+01    5.29264864E-01
    4.37373738E-01    1.57079506E+00    1.06667807E+00    3.91091941E+01    5.22180744E-01
    4.37373738E-01    1.57079506E+00    1.08337428E+00    3.97469608E+01    5.15275906E-01
    4.37373738E-01    1.57079506E+00    1.10002778E+00    4.03575537E+01    5.08573121E-01
    4.37373738E-01    1.57079506E+00    1.11668128E+00    4.09430563E+01    5.02048448E-01
    4.37373738E-01    1.57079506E+00    1.13333478E+00    4.15039377E+01    4.95692427E-01
    4.37373738E-01    1.57079506E+00    1.15003098E+00    4.20420130E+01    4.89477758E-01
    4.37373738E-01    1.57079506E+00    1.16668448E+00    4.25548542E+01    4.83424610E-01
    4.37373738E-01    1.57079506E+00    1.18333798E+00    4.30442610E+01    4.77516879E-01
    4.37373738E-01    1.57079506E+00    1.20003418E+00    4.35119321E+01    4.71740963E-01
    4.37373738E-01    1.57079506E+00    1.21668768E+00    4.39558535E+01    4.66127072E-01
    4.37373738E-01    1.57079506E+00    1.23334118E+00    4.43777187E+01    4.60646456E-01
    4.37373738E-01    1.57079506E+00    1.25003739E+00    4.47791773E+01    4.55276269E-01
    4.37373738E-01    1.57079506E+00    1.26669089E+00    4.51585633E+01    4.50057085E-01
    4.37373738E-01    1.57079506E+00    1.28334439E+00    4.55171413E+01    4.44975292E-01
    4.37373738E-01    1.57079506E+00    1.30004059E+00    4.58561013E+01    4.40009383E-01
    4.37373738E-01    1.57079506E+00    1.31669409E+00    4.61746242E+01    4.35179365E-01
    4.37373738E-01    1.57079506E+00    1.33334759E+00    4.64741477E+01    4.30476126E-01
    4.37373738E-01    1.57079506E+00    1.35000109E+00    4.67547158E+01    4.25891734E-01
    4.37373738E-01    1.57079506E+00    1.36669729E+00    4.70172559E+01    4.21410639E-01
    4.37373738E-01    1.57079506E+00    1.38335080E+00    4.72617528E+01    4.17026625E-01
    4.37373738E-01    1.57079506E+00    1.40000430E+00    4.74896930E+01    4.12733526E-01
    4.37373738E-01    1.57079506E+00    1.41670050E+00    4.77014541E+01    4.08534008E-01
    4.37373738E-01    1.57079506E+00    1.43335400E+00    4.78958375E+01    4.04452443E-01
    4.37373738E-01    1.57079506E+00    1.45000750E+00    4.80753367E+01    4.00424533E-01
    4.37373738E-01    1.57079506E+00    1.46670370E+00    4.82417773E+01    3.96418721E-01
    4.37373738E-01    1.57079506E+00    1.48335720E+00    4.83942387E+01    3.92469978E-01
    4.37373738E-01    1.57079506E+00    1.50001070E+00    4.85326128E+01    3.88603202E-01
    4.37373738E-01    1.57079506E+00    1.51670691E+00    4.86572952E+01    3.84819514E-01
    4.37373738E-01    1.57079506E+00    1.53336041E+00    4.87699809E+01    3.81055353E-01
    4.37373738E-01    1.57079506E+00    1.55001391E+00    4.88721395E+01    3.77271744E-01
    4.37373738E-01    1.57079506E+00    1.56666741E+00    4.89627682E+01    3.73518368E-01
    4.37373738E-01    1.57079506E+00    1.58336361E+00    4.90410201E+01    3.69831519E-01
    4.37373738E-01    1.57079506E+00    1.60001711E+00    4.91072171E+01    3.66201311E-01
    4.37373738E-01    1.57079506E+00    1.61667061E+00    4.91632387E+01    3.62591916E-01
    4.37373738E-01    1.57079506E+00    1.63336681E+00    4.92106116E+01    3.58970275E-01
    4.37373738E-01    1.57079506E+00    1.65002031E+00    4.92499395E+01    3.55326952E-01
    4.37373738E-01    1.57079506E+00    1.66667381E+00    4.92765847E+01    3.51870142E-01
    4.37373738E-01    1.57079506E+00    1.68337002E+00    4.92900210E+01    3.48564763E-01
    4.37373738E-01    1.57079506E+00    1.70002352E+00    4.92931563E+01    3.45325931E-01
    4.37373738E-01    1.57079506E+00    1.71667702E+00    4.92879148E+01    3.42111273E-01
    4.37373738E-01    1.57079506E+00    1.73337322E+00    4.92760779E+01    3.38871977E-01
    4.37373738E-01    1.57079506E+00    1.75002672E+00    4.92595979E+01    3.35549023E-01
    4.37373738E-01    1.57079506E+00    1.76668022E+00    4.92300854E+01    3.32544381E-01
    4.37373738E-01    1.57079506E+00    1.78333372E+00    4.91845163E+01    3.29834502E-01
    4.37373738E-01    1.57079506E+00    1.80002992E+00    4.91283949E+01    3.27228175E-01
    4.37373738E-01    1.57079506E+00    1.81668342E+00    4.90642456E+01    3.24720624E-01
    4.37373738E-01    1.57079506E+00    1.83333693E+00    4.89922649E+01    3.22271286E-01
    4.37373738E-01    1.57079506E+00    1.85003313E+00    4.89126445E+01    3.19864658E-01
    4.37373738E-01    1.57079506E+00    1.86668663E+00    4.88261200E+01    3.17510444E-01
    4.37373738E-01    1.57079506E+00    1.88334013E+00    4.87328007E+01    3.15203647E-01
    4.37373738E-01    1.57079506E+00    1.90003633E+00    4.86344953E+01    3.12864753E-01
    4.37373738E-01    1.57079506E+00    1.91668983E+00    4.85334302E+01    3.10511022E-01
    4.37373738E-01    1.57079506E+00    1.93334333E+00    4.84277247E+01    3.08239374E-01
    4.37373738E-01    1.57079506E+00    1.95003953E+00    4.83161920E+01    3.06033528E-01
    4.37373738E-01    1.57079506E+00    1.96669304E+00    4.81994177E+01    3.03893065E-01
    4.37373738E-01    1.57079506E+00    1.98334654E+00    4.80773554E+01    3.01814857E-01
    4.37373738E-01    1.57079506E+00    2.00004274E+00    4.79498429E+01    2.99808605E-01
    4.37373738E-01    1.57079506E+00    2.01669624E+00    4.78176496E+01    2.97909434E-01
    4.37373738E-01    1.57079506E+00    2.03334974E+00    4.76876677E+01    2.95705688E-01
    4.37373738E-01    1.57079506E+00    2.05000324E+00    4.75578796E+01    2.93423563E-01
    4.37373738E-01    1.57079506E+00    2.06669944E+00    4.74247908E+01    2.91190618E-01
    4.37373738E-01    1.57079506E+00    2.08335294E+00    4.72883601E+01    2.89014642E-01
    4.37373738E-01    1.57079506E+00    2.10000644E+00    4.71482938E+01    2.86880604E-01
    4.37373738E-01    1.57079506E+00    2.11670265E+00    4.70045739E+01    2.84782247E-01
    4.37373738E-01    1.57079506E+00    2.13335615E+00    4.68583037E+01    2.82731694E-01
    4.37373738E-01    1.57079506E+00    2.15000965E+00    4.67092529E+01    2.80730512E-01
    4.37373738E-01    1.57079506E+00    2.16670585E+00    4.65569529E+01    2.78774715E-01
    4.37373738E-01    1.57079506E+00    2.18335935E+00    4.64037106E+01    2.76783141E-01
    4.37373738E-01    1.57079506E+00    2.20001285E+00    4.62494802E+01    2.74805499E-01
    4.37373738E-01    1.57079506E+00    2.21670905E+00    4.60931945E+01    2.72891882E-01
    4.37373738E-01    1.57079506E+00    2.23336255E+00    4.59358323E+01    2.71067193E-01
    4.37373738E-01    1.57079506E+00    2.25001605E+00    4.57778775E+01    2.69359305E-01
    4.37373738E-01    1.57079506E+00    2.26666956E+00    4.56182706E+01    2.67710105E-01
    4.37373738E-01    1.57079506E+00    2.28336576E+00    4.54546604E+01    2.66051759E-01
    4.37373738E-01    1.57079506E+00    2.30001926E+00    4.52880153E+01    2.64416465E-01
    4.37373738E-01    1.57079506E+00    2.31667276E+00    4.51180092E+01    2.62825183E-01
    4.37373738E-01    1.57079506E+00    2.33336896E+00    4.49459667E+01    2.61190886E-01
    4.37373738E-01    1.57079506E+00    2.35002246E+00    4.47745881E+01    2.59494141E-01
    4.37373738E-01    1.57079506E+00    2.36667596E+00    4.46019545E+01    2.57818256E-01
    4.37373738E-01    1.57079506E+00    2.38337216E+00    4.44270604E+01    2.56160639E-01
    4.37373738E-01    1.57079506E+00    2.40002567E+00    4.42506652E+01    2.54525153E-01
    4.37373738E-01    1.57079506E+00    2.41667917E+00    4.40723695E+01    2.52908801E-01
    4.37373738E-01    1.57079506E+00    2.43337537E+00    4.38911332E+01    2.51282099E-01
    4.37373738E-01    1.57079506E+00    2.45002887E+00    4.37075669E+01    2.49645643E-01
    4.37373738E-01    1.57079506E+00    2.46668237E+00    4.35213974E+01    2.47998873E-01
    4.37373738E-01    1.57079506E+00    2.48333587E+00    4.33323460E+01    2.46344253E-01
    4.37373738E-01    1.57079506E+00    2.50003207E+00    4.31407057E+01    2.44605704E-01
    4.37373738E-01    1.57079506E+00    2.51668557E+00    4.29465447E+01    2.42778451E-01
    4.37373738E-01    1.57079506E+00    2.53333907E+00    4.27488580E+01    2.40872990E-01
    4.37373738E-01    1.57079506E+00    2.55003528E+00    4.25500764E+01    2.39009835E-01
    4.37373738E-01    1.57079506E+00    2.56668878E+00    4.23525934E+01    2.37227029E-01
    4.37373738E-01    1.57079506E+00    2.58334228E+00    4.21557153E+01    2.35500077E-01
    4.37373738E-01    1.57079506E+00    2.60003848E+00    4.19584148E+01    2.33806339E-01
    4.37373738E-01    1.57079506E+00    2.61669198E+00    4.17612356E+01    2.32149773E-01
    4.37373738E-01    1.57079506E+00    2.63334548E+00    4.15635417E+01    2.30524683E-01
    4.37373738E-01    1.57079506E+00    2.65004168E+00    4.13650753E+01    2.28910683E-01
    4.37373738E-01    1.57079506E+00    2.66669518E+00    4.11660660E+01    2.27349264E-01
    4.37373738E-01    1.57079506E+00    2.68334868E+00    4.09671331E+01    2.25755734E-01
    4.37373738E-01    1.57079506E+00    2.70000219E+00    4.07679891E+01    2.24138182E-01
    4.37373738E-01    1.57079506E+00    2.71669839E+00    4.05675574E+01    2.22501065E-01
    4.37373738E-01    1.57079506E+00    2.73335189E+00    4.03675499E+01    2.20892291E-01
    4.37373738E-01    1.57079506E+00    2.75000539E+00    4.01681281E+01    2.19328623E-01
    4.37373738E-01    1.57079506E+00    2.76670159E+00    3.99688320E+01    2.17803279E-01
    4.37373738E-01    1.57079506E+00    2.78335509E+00    3.97706904E+01    2.16311896E-01
    4.37373738E-01    1.57079506E+00    2.80000859E+00    3.95732041E+01    2.14850190E-01
    4.37373738E-01    1.57079506E+00    2.81670479E+00    3.93757741E+01    2.13432074E-01
    4.37373738E-01    1.57079506E+00    2.83335829E+00    3.91792034E+01    2.12076163E-01
    4.37373738E-01    1.57079506E+00    2.85001180E+00    3.89832826E+01    2.10718724E-01
    4.37373738E-01    1.57079506E+00    2.86670800E+00    3.87872400E+01    2.09347079E-01
    4.37373738E-01    1.57079506E+00    2.88336150E+00    3.85917715E+01    2.07979466E-01
    4.37373738E-01    1.57079506E+00    2.90001500E+00    3.83963457E+01    2.06614854E-01
    4.37373738E-01    1.57079506E+00    2.91666850E+00    3.82010744E+01    2.05253738E-01
    4.37373738E-01    1.57079506E+00    2.93336470E+00    3.80056664E+01    2.03902287E-01
    4.37373738E-01    1.57079506E+00    2.95001820E+00    3.78112163E+01    2.02573868E-01
    4.37373738E-01    1.57079506E+00    2.96667170E+00    3.76171496E+01    2.01267911E-01
    4.37373738E-01    1.57079506E+00    2.98336791E+00    3.74228695E+01    1.99981799E-01
    4.37373738E-01    1.57079506E+00    3.00002141E+00    3.72296917E+01    1.98706963E-01
    4.37373738E-01    1.57079506E+00    3.01667491E+00    3.70373261E+01    1.97440482E-01
    4.37373738E-01    1.57079506E+00    3.03337111E+00    3.68451918E+01    1.96199224E-01
    4.37373738E-01    1.57079506E+00    3.05002461E+00    3.66538449E+01    1.95003032E-01
    4.37373738E-01    1.57079506E+00    3.06667811E+00    3.64631236E+01    1.93802981E-01
    4.37373738E-01    1.57079506E+00    3.08337431E+00    3.62724265E+01    1.92596222E-01
    4.37373738E-01    1.57079506E+00    3.10002781E+00    3.60826643E+01    1.91394803E-01
    4.37373738E-01    1.57079506E+00    3.11668131E+00    3.58933195E+01    1.90199504E-01
    4.37373738E-01    1.57079506E+00    3.13333481E+00    3.57044624E+01    1.89008221E-01
    4.37373738E-01    1.57079506E+00    3.15003102E+00    3.55157159E+01    1.87814262E-01
    4.37373738E-01    1.57079506E+00    3.16668452E+00    3.53280141E+01    1.86625146E-01
    4.37373738E-01    1.57079506E+00    3.18333802E+00    3.51408731E+01    1.85444456E-01
    4.37373738E-01    1.57079506E+00    3.20003422E+00    3.49538129E+01    1.84277413E-01
    4.37373738E-01    1.57079506E+00    3.21668772E+00    3.47676017E+01    1.83140080E-01
    4.37373738E-01    1.57079506E+00    3.23334122E+00    3.45821367E+01    1.82006204E-01
    4.37373738E-01    1.57079506E+00    3.25003742E+00    3.43971495E+01    1.80870137E-01
    4.37373738E-01    1.57079506E+00    3.26669092E+00    3.42135906E+01    1.79743201E-01
    4.37373738E-01    1.57079506E+00    3.28334443E+00    3.40309090E+01    1.78622010E-01
    4.37373738E-01    1.57079506E+00    3.30004063E+00    3.38484848E+01    1.77504929E-01
    4.37373738E-01    1.57079506E+00    3.31669413E+00    3.36671955E+01    1.76398440E-01
    4.37373738E-01    1.57079506E+00    3.33334763E+00    3.34865904E+01    1.75299314E-01
    4.37373738E-01    1.57079506E+00    3.35000113E+00    3.33066845E+01    1.74207759E-01
    4.37373738E-01    1.57079506E+00    3.36669733E+00    3.31269191E+01    1.73126097E-01
    4.37373738E-01    1.57079506E+00    3.38335083E+00    3.29482604E+01    1.72052760E-01
    4.37373738E-01    1.57079506E+00    3.40000433E+00    3.27704029E+01    1.70975343E-01
    4.37373738E-01    1.57079506E+00    3.41670054E+00    3.25929353E+01    1.69894680E-01
    4.37373738E-01    1.57079506E+00    3.43335404E+00    3.24167808E+01    1.68823210E-01
    4.37373738E-01    1.57079506E+00    3.45000754E+00    3.22414793E+01    1.67762444E-01
    4.37373738E-01    1.57079506E+00    3.46670374E+00    3.20663596E+01    1.66721492E-01
    4.37373738E-01    1.57079506E+00    3.48335724E+00    3.18924718E+01    1.65691085E-01
    4.37373738E-01    1.57079506E+00    3.50001074E+00    3.17194675E+01    1.64665820E-01
    4.37373738E-01    1.57079506E+00    3.51670694E+00    3.15468639E+01    1.63646565E-01
    4.37373738E-01    1.57079506E+00    3.53336044E+00    3.13755763E+01    1.62636137E-01
    4.37373738E-01    1.57079506E+00    3.55001394E+00    3.12052022E+01    1.61629818E-01
    4.37373738E-01    1.57079506E+00    3.56666744E+00    3.10357282E+01    1.60628086E-01
    4.37373738E-01    1.57079506E+00    3.58336365E+00    3.08666994E+01    1.59629265E-01
    4.37373738E-01    1.57079506E+00    3.60001715E+00    3.06989665E+01    1.58638901E-01
    4.37373738E-01    1.57079506E+00    3.61667065E+00    3.05320907E+01    1.57654425E-01
    4.37373738E-01    1.57079506E+00    3.63336685E+00    3.03655287E+01    1.56680404E-01
    4.37373738E-01    1.57079506E+00    3.65002035E+00    3.02000544E+01    1.55721174E-01
    4.37373738E-01    1.57079506E+00    3.66667385E+00    3.00354347E+01    1.54762081E-01
    4.37373738E-01    1.57079506E+00    3.68337005E+00    2.98713467E+01    1.53800669E-01
    4.37373738E-01    1.57079506E+00    3.70002355E+00    2.97086296E+01    1.52845487E-01
    4.37373738E-01    1.57079506E+00    3.71667705E+00    2.95468427E+01    1.51895891E-01
    4.37373738E-01    1.57079506E+00    3.73337326E+00    2.93855700E+01    1.50949506E-01
    4.37373738E-01    1.57079506E+00    3.75002676E+00    2.92256230E+01    1.50011768E-01
    4.37373738E-01    1.57079506E+00    3.76668026E+00    2.90665562E+01    1.49081249E-01
    4.37373738E-01    1.57079506E+00    3.78333376E+00    2.89083630E+01    1.48158222E-01
    4.37373738E-01    1.57079506E+00    3.80002996E+00    2.87505838E+01    1.47244343E-01
    4.37373738E-01    1.57079506E+00    3.81668346E+00    2.85940426E+01    1.46340906E-01
    4.37373738E-01    1.57079506E+00    3.83333696E+00    2.84384083E+01    1.45439977E-01
    4.37373738E-01    1.57079506E+00    3.85003316E+00    2.82833057E+01    1.44538652E-01
    4.37373738E-01    1.57079506E+00    3.86668667E+00    2.81295144E+01    1.43643023E-01
    4.37373738E-01    1.57079506E+00    3.88334017E+00    2.79766238E+01    1.42751695E-01
    4.37373738E-01    1.57079506E+00    3.90003637E+00    2.78242410E+01    1.41862522E-01
    4.37373738E-01    1.57079506E+00    3.91668987E+00    2.76731364E+01    1.40980484E-01
    4.37373738E-01    1.57079506E+00    3.93334337E+00    2.75228109E+01    1.40109911E-01
    4.37373738E-01    1.57079506E+00    3.95003957E+00    2.73728943E+01    1.39245340E-01
    4.37373738E-01    1.57079506E+00    3.96669307E+00    2.72242073E+01    1.38387500E-01
    4.37373738E-01    1.57079506E+00    3.98334657E+00    2.70764085E+01    1.37532371E-01
    4.37373738E-01    1.57079506E+00    4.00004278E+00    2.69291391E+01    1.36677849E-01
    4.37373738E-01    1.57079506E+00    4.01669628E+00    2.67831499E+01    1.35829180E-01
    4.37373738E-01    1.57079506E+00    4.03334978E+00    2.66380552E+01    1.34984949E-01
    4.37373738E-01    1.57079506E+00    4.05000328E+00    2.64938495E+01    1.34145544E-01
    4.37373738E-01    1.57079506E+00    4.06669948E+00    2.63501553E+01    1.33309513E-01
    4.37373738E-01    1.57079506E+00    4.08335298E+00    2.62076929E+01    1.32481733E-01
    4.37373738E-01    1.57079506E+00    4.10000648E+00    2.60660751E+01    1.31660787E-01
    4.37373738E-01    1.57079506E+00    4.11670268E+00    2.59248777E+01    1.30847102E-01
    4.37373738E-01    1.57079506E+00    4.13335618E+00    2.57848675E+01    1.30039520E-01
    4.37373738E-01    1.57079506E+00    4.15000968E+00    2.56457288E+01    1.29233426E-01
    4.37373738E-01    1.57079506E+00    4.16670589E+00    2.55071127E+01    1.28427633E-01
    4.37373738E-01    1.57079506E+00    4.18335939E+00    2.53697160E+01    1.27627514E-01
    4.37373738E-01    1.57079506E+00    4.20001289E+00    2.52331689E+01    1.26831760E-01
    4.37373738E-01    1.57079506E+00    4.21670909E+00    2.50971199E+01    1.26038259E-01
    4.37373738E-01    1.57079506E+00    4.23336259E+00    2.49622669E+01    1.25250587E-01
    4.37373738E-01    1.57079506E+00    4.25001609E+00    2.48282702E+01    1.24465980E-01
    4.37373738E-01    1.57079506E+00    4.26666959E+00    2.46951040E+01    1.23686515E-01
    4.37373738E-01    1.57079506E+00    4.28336579E+00    2.45623762E+01    1.22912932E-01
    4.37373738E-01    1.57079506E+00    4.30001930E+00    2.44307794E+01    1.22146528E-01
    4.37373738E-01    1.57079506E+00    4.31667280E+00    2.43000078E+01    1.21382785E-01
    4.37373738E-01    1.57079506E+00    4.33336900E+00    2.41697414E+01    1.20619543E-01
    4.37373738E-01    1.57079506E+00    4.35002250E+00    2.40406444E+01    1.19861286E-01
    4.37373738E-01    1.57079506E+00    4.36667600E+00    2.39123780E+01    1.19106524E-01
    4.37373738E-01    1.57079506E+00    4.38337220E+00    2.37846123E+01    1.18353650E-01
    4.37373738E-01    1.57079506E+00    4.40002570E+00    2.36579939E+01    1.17606667E-01
    4.37373738E-01    1.57079506E+00    4.41667920E+00    2.35321768E+01    1.16864479E-01
    4.37373738E-01    1.57079506E+00    4.43337540E+00    2.34068194E+01    1.16126060E-01
    4.37373738E-01    1.57079506E+00    4.45002891E+00    2.32825347E+01    1.15396142E-01
    4.37373738E-01    1.57079506E+00    4.46668241E+00    2.31590286E+01    1.14669511E-01
    4.37373738E-01    1.57079506E+00    4.48333591E+00    2.30363209E+01    1.13944886E-01
    4.37373738E-01    1.57079506E+00    4.50003211E+00    2.29140988E+01    1.13220911E-01
    4.37373738E-01    1.57079506E+00    4.51668561E+00    2.27929808E+01    1.12501853E-01
    4.37373738E-01    1.57079506E+00    4.53333911E+00    2.26726457E+01    1.11786260E-01
    4.37373738E-01    1.57079506E+00    4.55003531E+00    2.25527725E+01    1.11073144E-01
    4.37373738E-01    1.57079506E+00    4.56668881E+00    2.24339605E+01    1.10366539E-01
    4.37373738E-01    1.57079506E+00    4.58334231E+00    2.23159061E+01    1.09663747E-01
    4.37373738E-01    1.57079506E+00    4.60003852E+00    2.21983219E+01    1.08961898E-01
    4.37373738E-01    1.57079506E+00    4.61669202E+00    2.20818186E+01    1.08264146E-01
    4.37373738E-01    1.57079506E+00    4.63334552E+00    2.19660557E+01    1.07571833E-01
    4.37373738E-01    1.57079506E+00    4.65004172E+00    2.18507239E+01    1.06882846E-01
    4.37373738E-01    1.57079506E+00    4.66669522E+00    2.17364242E+01    1.06199054E-01
    4.37373738E-01    1.57079506E+00    4.68334872E+00    2.16228621E+01    1.05518507E-01
    4.37373738E-01    1.57079506E+00    4.70000222E+00    2.15100366E+01    1.04841142E-01
    4.37373738E-01    1.57079506E+00    4.71669842E+00    2.13976626E+01    1.04164982E-01
    4.37373738E-01    1.57079506E+00    4.73335192E+00    2.12863150E+01    1.03493373E-01
    4.37373738E-01    1.57079506E+00    4.75000543E+00    2.11757022E+01    1.02824664E-01
    4.37373738E-01    1.57079506E+00    4.76670163E+00    2.10655379E+01    1.02157323E-01
    4.37373738E-01    1.57079506E+00    4.78335513E+00    2.09563799E+01    1.01494946E-01
    4.37373738E-01    1.57079506E+00    4.80000863E+00    2.08479183E+01    1.00837682E-01
    4.37373738E-01    1.57079506E+00    4.81670483E+00    2.07398661E+01    1.00183608E-01
    4.37373738E-01    1.57079506E+00    4.83335833E+00    2.06327864E+01    9.95343191E-02
    4.37373738E-01    1.57079506E+00    4.85001183E+00    2.05264100E+01    9.88873207E-02
    4.37373738E-01    1.57079506E+00    4.86670803E+00    2.04204661E+01    9.82410321E-02
    4.37373738E-01    1.57079506E+00    4.88336154E+00    2.03154919E+01    9.75990118E-02
    4.37373738E-01    1.57079506E+00    4.90001504E+00    2.02112106E+01    9.69598166E-02
    4.37373738E-01    1.57079506E+00    4.91666854E+00    2.01076177E+01    9.63235284E-02
    4.37373738E-01    1.57079506E+00    4.93336474E+00    2.00044453E+01    9.56887318E-02
    4.37373738E-01    1.57079506E+00    4.95001824E+00    1.99022043E+01    9.50597871E-02
    4.37373738E-01    1.57079506E+00    4.96667174E+00    1.98006189E+01    9.44351325E-02
    4.37373738E-01    1.57079506E+00    4.98336794E+00    1.96994377E+01    9.38118845E-02
    4.37373738E-01    1.57079506E+00    5.00002144E+00    1.95991907E+01    9.31920457E-02
