    5.00000007E-02    1.63362686E+00    1.66962020E-02    3.99999970E-02   -6.14672900E-08
    5.00000007E-02    1.63362686E+00    3.33497028E-02    4.00000443E-02   -6.14672902E-08
    5.00000007E-02    1.63362686E+00    5.00032035E-02    4.06804671E-02   -6.14672899E-08
    5.00000007E-02    1.63362686E+00    6.66994056E-02    1.15539288E-01   -6.14672900E-08
    5.00000007E-02    1.63362686E+00    8.33529063E-02    1.23858138E+00   -6.14672896E-08
    5.00000007E-02    1.63362686E+00    1.00006407E-01    7.34445160E+00   -6.14672898E-08
    5.00000007E-02    1.63362686E+00    1.16702609E-01    2.59936394E+01   -6.14672899E-08
    5.00000007E-02    1.63362686E+00    1.33356110E-01    6.57112085E+01   -6.14672899E-08
    5.00000007E-02    1.63362686E+00    1.50009611E-01    1.33144834E+02   -6.14672899E-08
    5.00000007E-02    1.63362686E+00    1.66705813E-01    2.31615539E+02   -6.14672899E-08
    5.00000007E-02    1.63362686E+00    1.83359313E-01    3.60067643E+02   -6.14672898E-08
    5.00000007E-02    1.63362686E+00    2.00012814E-01    5.15476057E+02   -6.14672898E-08
    5.00000007E-02    1.63362686E+00    2.16709016E-01    6.93496194E+02   -6.14672898E-08
    5.00000007E-02    1.63362686E+00    2.33362517E-01    8.87734869E+02   -6.14672900E-08
    5.00000007E-02    1.63362686E+00    2.50016018E-01    1.09317395E+03   -6.14672899E-08
    5.00000007E-02    1.63362686E+00    2.66669518E-01    1.30480206E+03   -6.14672900E-08
    5.00000007E-02    1.63362686E+00    2.83365720E-01    1.51880255E+03   -6.14672896E-08
    5.00000007E-02    1.63362686E+00    3.00019221E-01    1.73043474E+03   -6.14672898E-08
    5.00000007E-02    1.63362686E+00    3.16672722E-01    1.93732199E+03   -6.14672899E-08
    5.00000007E-02    1.63362686E+00    3.33368924E-01    2.13769952E+03   -6.14672898E-08
    5.00000007E-02    1.63362686E+00    3.50022425E-01    2.32884961E+03   -6.14672899E-08
    5.00000007E-02    1.63362686E+00    3.66675925E-01    2.51009645E+03   -6.14672899E-08
    5.00000007E-02    1.63362686E+00    3.83372127E-01    2.68107153E+03   -6.14672899E-08
    5.00000007E-02    1.63362686E+00    4.00025628E-01    2.84043811E+03   -6.14672900E-08
    5.00000007E-02    1.63362686E+00    4.16679129E-01    2.98844934E+03   -6.14672902E-08
    5.00000007E-02    1.63362686E+00    4.33375331E-01    3.12544846E+03   -6.14672899E-08
    5.00000007E-02    1.63362686E+00    4.50028832E-01    3.25089997E+03   -6.14672900E-08
    5.00000007E-02    1.63362686E+00    4.66682332E-01    3.36545174E+03   -6.14672900E-08
    5.00000007E-02    1.63362686E+00    4.83335833E-01    3.46947250E+03   -6.14672899E-08
    5.00000007E-02    1.63362686E+00    5.00032035E-01    3.56361921E+03   -6.14672901E-08
    5.00000007E-02    1.63362686E+00    5.16685536E-01    3.64787956E+03   -6.14672899E-08
    5.00000007E-02    1.63362686E+00    5.33339037E-01    3.72299872E+03   -6.14672900E-08
    5.00000007E-02    1.63362686E+00    5.50035239E-01    3.78963892E+03   -6.14672900E-08
    5.00000007E-02    1.63362686E+00    5.66688739E-01    3.84796399E+03   -6.14672900E-08
    5.00000007E-02    1.63362686E+00    5.83342240E-01    3.89865273E+03   -6.14672901E-08
    5.00000007E-02    1.63362686E+00    6.00038442E-01    3.94229405E+03   -6.14672899E-08
    5.00000007E-02    1.63362686E+00    6.16691943E-01    3.97913634E+03   -6.14672900E-08
    5.00000007E-02    1.63362686E+00    6.33345444E-01    4.00975269E+03   -6.14672900E-08
    5.00000007E-02    1.63362686E+00    6.50041646E-01    4.03463231E+03   -6.14672901E-08
    5.00000007E-02    1.63362686E+00    6.66695147E-01    4.05406048E+03   -6.14672899E-08
    5.00000007E-02    1.63362686E+00    6.83348647E-01    4.06849830E+03   -6.14672900E-08
    5.00000007E-02    1.63362686E+00    7.00002148E-01    4.07831443E+03   -6.14672899E-08
    5.00000007E-02    1.63362686E+00    7.16698350E-01    4.08386528E+03   -6.14672899E-08
    5.00000007E-02    1.63362686E+00    7.33351851E-01    4.08544975E+03   -6.14672898E-08
    5.00000007E-02    1.63362686E+00    7.50005352E-01    4.08339376E+03   -6.14672899E-08
    5.00000007E-02    1.63362686E+00    7.66701554E-01    4.07796638E+03   -6.14672900E-08
    5.00000007E-02    1.63362686E+00    7.83355054E-01    4.06946441E+03   -6.14672900E-08
    5.00000007E-02    1.63362686E+00    8.00008555E-01    4.05812893E+03   -6.14672900E-08
    5.00000007E-02    1.63362686E+00    8.16704757E-01    4.04415512E+03   -6.14672899E-08
    5.00000007E-02    1.63362686E+00    8.33358258E-01    4.02783314E+03   -6.14672890E-08
    5.00000007E-02    1.63362686E+00    8.50011759E-01    4.00933378E+03   -6.14672899E-08
    5.00000007E-02    1.63362686E+00    8.66707961E-01    3.98879139E+03   -6.14672900E-08
    5.00000007E-02    1.63362686E+00    8.83361461E-01    3.96648751E+03   -6.14672902E-08
    5.00000007E-02    1.63362686E+00    9.00014962E-01    3.94253582E+03   -6.14672899E-08
    5.00000007E-02    1.63362686E+00    9.16668463E-01    3.91708852E+03   -6.14672898E-08
    5.00000007E-02    1.63362686E+00    9.33364665E-01    3.89021667E+03   -6.14672900E-08
    5.00000007E-02    1.63362686E+00    9.50018166E-01    3.86218932E+03   -6.14672899E-08
    5.00000007E-02    1.63362686E+00    9.66671666E-01    3.83306131E+03   -6.14672899E-08
    5.00000007E-02    1.63362686E+00    9.83367868E-01    3.80286737E+03   -6.14672899E-08
    5.00000007E-02    1.63362686E+00    1.00002137E+00    3.77186709E+03   -6.14672900E-08
    5.00000007E-02    1.63362686E+00    1.01667487E+00    3.74008178E+03   -6.14672898E-08
    5.00000007E-02    1.63362686E+00    1.03337107E+00    3.70751753E+03   -6.14672899E-08
    5.00000007E-02    1.63362686E+00    1.05002457E+00    3.67442470E+03   -6.14672901E-08
    5.00000007E-02    1.63362686E+00    1.06667807E+00    3.64079829E+03   -6.14672902E-08
    5.00000007E-02    1.63362686E+00    1.08337428E+00    3.60662208E+03   -6.14672900E-08
    5.00000007E-02    1.63362686E+00    1.10002778E+00    3.57213742E+03   -6.14672899E-08
    5.00000007E-02    1.63362686E+00    1.11668128E+00    3.53731889E+03   -6.14672897E-08
    5.00000007E-02    1.63362686E+00    1.13333478E+00    3.50222334E+03   -6.14672900E-08
    5.00000007E-02    1.63362686E+00    1.15003098E+00    3.46681249E+03   -6.14672898E-08
    5.00000007E-02    1.63362686E+00    1.16668448E+00    3.43131616E+03   -6.14672899E-08
    5.00000007E-02    1.63362686E+00    1.18333798E+00    3.39568888E+03   -6.14672899E-08
    5.00000007E-02    1.63362686E+00    1.20003418E+00    3.35988042E+03   -6.14672900E-08
    5.00000007E-02    1.63362686E+00    1.21668768E+00    3.32411222E+03   -6.14672899E-08
    5.00000007E-02    1.63362686E+00    1.23334118E+00    3.28832802E+03   -6.14672900E-08
    5.00000007E-02    1.63362686E+00    1.25003739E+00    3.25246861E+03   -6.14672898E-08
    5.00000007E-02    1.63362686E+00    1.26669089E+00    3.21674736E+03   -6.14672901E-08
    5.00000007E-02    1.63362686E+00    1.28334439E+00    3.18110000E+03   -6.14672910E-08
    5.00000007E-02    1.63362686E+00    1.30004059E+00    3.14546078E+03   -6.14672893E-08
    5.00000007E-02    1.63362686E+00    1.31669409E+00    3.11003523E+03   -6.14672901E-08
    5.00000007E-02    1.63362686E+00    1.33334759E+00    3.07475332E+03   -6.14672900E-08
    5.00000007E-02    1.63362686E+00    1.35000109E+00    3.03963450E+03   -6.14672901E-08
    5.00000007E-02    1.63362686E+00    1.36669729E+00    3.00460724E+03   -6.14672901E-08
    5.00000007E-02    1.63362686E+00    1.38335080E+00    2.96986700E+03   -6.14672900E-08
    5.00000007E-02    1.63362686E+00    1.40000430E+00    2.93533874E+03   -6.14672898E-08
    5.00000007E-02    1.63362686E+00    1.41670050E+00    2.90094828E+03   -6.14672900E-08
    5.00000007E-02    1.63362686E+00    1.43335400E+00    2.86688378E+03   -6.14672900E-08
    5.00000007E-02    1.63362686E+00    1.45000750E+00    2.83306806E+03   -6.14672899E-08
    5.00000007E-02    1.63362686E+00    1.46670370E+00    2.79942539E+03   -6.14672900E-08
    5.00000007E-02    1.63362686E+00    1.48335720E+00    2.76613687E+03   -6.14672898E-08
    5.00000007E-02    1.63362686E+00    1.50001070E+00    2.73312417E+03   -6.14672899E-08
    5.00000007E-02    1.63362686E+00    1.51670691E+00    2.70031093E+03   -6.14672902E-08
    5.00000007E-02    1.63362686E+00    1.53336041E+00    2.66787141E+03   -6.14672899E-08
    5.00000007E-02    1.63362686E+00    1.55001391E+00    2.63572695E+03   -6.14672897E-08
    5.00000007E-02    1.63362686E+00    1.56666741E+00    2.60388251E+03   -6.14672900E-08
    5.00000007E-02    1.63362686E+00    1.58336361E+00    2.57226191E+03   -6.14672900E-08
    5.00000007E-02    1.63362686E+00    1.60001711E+00    2.54103062E+03   -6.14672898E-08
    5.00000007E-02    1.63362686E+00    1.61667061E+00    2.51011054E+03   -6.14672897E-08
    5.00000007E-02    1.63362686E+00    1.63336681E+00    2.47942622E+03   -6.14672899E-08
    5.00000007E-02    1.63362686E+00    1.65002031E+00    2.44913681E+03   -6.14672899E-08
    5.00000007E-02    1.63362686E+00    1.66667381E+00    2.41916514E+03   -6.14672899E-08
    5.00000007E-02    1.63362686E+00    1.68337002E+00    2.38943690E+03   -6.14672899E-08
    5.00000007E-02    1.63362686E+00    1.70002352E+00    2.36010511E+03   -6.14672900E-08
    5.00000007E-02    1.63362686E+00    1.71667702E+00    2.33109390E+03   -6.14672900E-08
    5.00000007E-02    1.63362686E+00    1.73337322E+00    2.30233039E+03   -6.14672900E-08
    5.00000007E-02    1.63362686E+00    1.75002672E+00    2.27396166E+03   -6.14672899E-08
    5.00000007E-02    1.63362686E+00    1.76668022E+00    2.24591343E+03   -6.14672901E-08
    5.00000007E-02    1.63362686E+00    1.78333372E+00    2.21818512E+03   -6.14672898E-08
    5.00000007E-02    1.63362686E+00    1.80002992E+00    2.19070606E+03   -6.14672898E-08
    5.00000007E-02    1.63362686E+00    1.81668342E+00    2.16361579E+03   -6.14672899E-08
    5.00000007E-02    1.63362686E+00    1.83333693E+00    2.13684240E+03   -6.14672901E-08
    5.00000007E-02    1.63362686E+00    1.85003313E+00    2.11031704E+03   -6.14672902E-08
    5.00000007E-02    1.63362686E+00    1.86668663E+00    2.08417382E+03   -6.14672898E-08
    5.00000007E-02    1.63362686E+00    1.88334013E+00    2.05834277E+03   -6.14672900E-08
    5.00000007E-02    1.63362686E+00    1.90003633E+00    2.03275697E+03   -6.14672900E-08
    5.00000007E-02    1.63362686E+00    1.91668983E+00    2.00754532E+03   -6.14672900E-08
    5.00000007E-02    1.63362686E+00    1.93334333E+00    1.98263985E+03   -6.14672900E-08
    5.00000007E-02    1.63362686E+00    1.95003953E+00    1.95797565E+03   -6.14672901E-08
    5.00000007E-02    1.63362686E+00    1.96669304E+00    1.93367657E+03   -6.14672898E-08
    5.00000007E-02    1.63362686E+00    1.98334654E+00    1.90967673E+03   -6.14672898E-08
    5.00000007E-02    1.63362686E+00    2.00004274E+00    1.88591325E+03   -6.14672900E-08
    5.00000007E-02    1.63362686E+00    2.01669624E+00    1.86250512E+03   -6.14672899E-08
    5.00000007E-02    1.63362686E+00    2.03334974E+00    1.83938858E+03   -6.14672900E-08
    5.00000007E-02    1.63362686E+00    2.05000324E+00    1.81656095E+03   -6.14672898E-08
    5.00000007E-02    1.63362686E+00    2.06669944E+00    1.79396208E+03   -6.14672898E-08
    5.00000007E-02    1.63362686E+00    2.08335294E+00    1.77170479E+03   -6.14672900E-08
    5.00000007E-02    1.63362686E+00    2.10000644E+00    1.74972812E+03   -6.14672899E-08
    5.00000007E-02    1.63362686E+00    2.11670265E+00    1.72797395E+03   -6.14672900E-08
    5.00000007E-02    1.63362686E+00    2.13335615E+00    1.70655069E+03   -6.14672901E-08
    5.00000007E-02    1.63362686E+00    2.15000965E+00    1.68539945E+03   -6.14672899E-08
    5.00000007E-02    1.63362686E+00    2.16670585E+00    1.66446413E+03   -6.14672900E-08
    5.00000007E-02    1.63362686E+00    2.18335935E+00    1.64384890E+03   -6.14672901E-08
    5.00000007E-02    1.63362686E+00    2.20001285E+00    1.62349693E+03   -6.14672898E-08
    5.00000007E-02    1.63362686E+00    2.21670905E+00    1.60335410E+03   -6.14672898E-08
    5.00000007E-02    1.63362686E+00    2.23336255E+00    1.58352050E+03   -6.14672912E-08
    5.00000007E-02    1.63362686E+00    2.25001605E+00    1.56394134E+03   -6.14672898E-08
    5.00000007E-02    1.63362686E+00    2.26666956E+00    1.54461366E+03   -6.14672898E-08
    5.00000007E-02    1.63362686E+00    2.28336576E+00    1.52548593E+03   -6.14672899E-08
    5.00000007E-02    1.63362686E+00    2.30001926E+00    1.50665304E+03   -6.14672900E-08
    5.00000007E-02    1.63362686E+00    2.31667276E+00    1.48806284E+03   -6.14672897E-08
    5.00000007E-02    1.63362686E+00    2.33336896E+00    1.46966566E+03   -6.14672902E-08
    5.00000007E-02    1.63362686E+00    2.35002246E+00    1.45155268E+03   -6.14672897E-08
    5.00000007E-02    1.63362686E+00    2.36667596E+00    1.43367367E+03   -6.14672899E-08
    5.00000007E-02    1.63362686E+00    2.38337216E+00    1.41598079E+03   -6.14672899E-08
    5.00000007E-02    1.63362686E+00    2.40002567E+00    1.39856168E+03   -6.14672899E-08
    5.00000007E-02    1.63362686E+00    2.41667917E+00    1.38136794E+03   -6.14672900E-08
    5.00000007E-02    1.63362686E+00    2.43337537E+00    1.36435352E+03   -6.14672899E-08
    5.00000007E-02    1.63362686E+00    2.45002887E+00    1.34760264E+03   -6.14672898E-08
    5.00000007E-02    1.63362686E+00    2.46668237E+00    1.33106873E+03   -6.14672900E-08
    5.00000007E-02    1.63362686E+00    2.48333587E+00    1.31474901E+03   -6.14672900E-08
    5.00000007E-02    1.63362686E+00    2.50003207E+00    1.29859972E+03   -6.14672900E-08
    5.00000007E-02    1.63362686E+00    2.51668557E+00    1.28270074E+03   -6.14672900E-08
    5.00000007E-02    1.63362686E+00    2.53333907E+00    1.26700782E+03   -6.14672900E-08
    5.00000007E-02    1.63362686E+00    2.55003528E+00    1.25147881E+03   -6.14672900E-08
    5.00000007E-02    1.63362686E+00    2.56668878E+00    1.23619052E+03   -6.14672897E-08
    5.00000007E-02    1.63362686E+00    2.58334228E+00    1.22110035E+03   -6.14672906E-08
    5.00000007E-02    1.63362686E+00    2.60003848E+00    1.20616776E+03   -6.14672899E-08
    5.00000007E-02    1.63362686E+00    2.61669198E+00    1.19146658E+03   -6.14672899E-08
    5.00000007E-02    1.63362686E+00    2.63334548E+00    1.17695581E+03   -6.14672901E-08
    5.00000007E-02    1.63362686E+00    2.65004168E+00    1.16259648E+03   -6.14672899E-08
    5.00000007E-02    1.63362686E+00    2.66669518E+00    1.14845953E+03   -6.14672897E-08
    5.00000007E-02    1.63362686E+00    2.68334868E+00    1.13450556E+03   -6.14672899E-08
    5.00000007E-02    1.63362686E+00    2.70000219E+00    1.12073212E+03   -6.14672899E-08
    5.00000007E-02    1.63362686E+00    2.71669839E+00    1.10710220E+03   -6.14672898E-08
    5.00000007E-02    1.63362686E+00    2.73335189E+00    1.09368312E+03   -6.14672900E-08
    5.00000007E-02    1.63362686E+00    2.75000539E+00    1.08043746E+03   -6.14672899E-08
    5.00000007E-02    1.63362686E+00    2.76670159E+00    1.06732959E+03   -6.14672899E-08
    5.00000007E-02    1.63362686E+00    2.78335509E+00    1.05442427E+03   -6.14672899E-08
    5.00000007E-02    1.63362686E+00    2.80000859E+00    1.04168549E+03   -6.14672899E-08
    5.00000007E-02    1.63362686E+00    2.81670479E+00    1.02907898E+03   -6.14672900E-08
    5.00000007E-02    1.63362686E+00    2.83335829E+00    1.01666702E+03   -6.14672898E-08
    5.00000007E-02    1.63362686E+00    2.85001180E+00    1.00441498E+03   -6.14672902E-08
    5.00000007E-02    1.63362686E+00    2.86670800E+00    9.92289885E+02   -6.14672899E-08
    5.00000007E-02    1.63362686E+00    2.88336150E+00    9.80351635E+02   -6.14672900E-08
    5.00000007E-02    1.63362686E+00    2.90001500E+00    9.68566918E+02   -6.14672899E-08
    5.00000007E-02    1.63362686E+00    2.91666850E+00    9.56933662E+02   -6.14672899E-08
    5.00000007E-02    1.63362686E+00    2.93336470E+00    9.45420568E+02   -6.14672898E-08
    5.00000007E-02    1.63362686E+00    2.95001820E+00    9.34084504E+02   -6.14672900E-08
    5.00000007E-02    1.63362686E+00    2.96667170E+00    9.22893841E+02   -6.14672895E-08
    5.00000007E-02    1.63362686E+00    2.98336791E+00    9.11818471E+02   -6.14672899E-08
    5.00000007E-02    1.63362686E+00    3.00002141E+00    9.00913101E+02   -6.14672902E-08
    5.00000007E-02    1.63362686E+00    3.01667491E+00    8.90147308E+02   -6.14672900E-08
    5.00000007E-02    1.63362686E+00    3.03337111E+00    8.79492127E+02   -6.14672901E-08
    5.00000007E-02    1.63362686E+00    3.05002461E+00    8.69000193E+02   -6.14672895E-08
    5.00000007E-02    1.63362686E+00    3.06667811E+00    8.58642240E+02   -6.14672900E-08
    5.00000007E-02    1.63362686E+00    3.08337431E+00    8.48390405E+02   -6.14672900E-08
    5.00000007E-02    1.63362686E+00    3.10002781E+00    8.38295332E+02   -6.14672898E-08
    5.00000007E-02    1.63362686E+00    3.11668131E+00    8.28328869E+02   -6.14672897E-08
    5.00000007E-02    1.63362686E+00    3.13333481E+00    8.18489274E+02   -6.14672897E-08
    5.00000007E-02    1.63362686E+00    3.15003102E+00    8.08750083E+02   -6.14672900E-08
    5.00000007E-02    1.63362686E+00    3.16668452E+00    7.99159413E+02   -6.14672902E-08
    5.00000007E-02    1.63362686E+00    3.18333802E+00    7.89690527E+02   -6.14672901E-08
    5.00000007E-02    1.63362686E+00    3.20003422E+00    7.80317960E+02   -6.14672901E-08
    5.00000007E-02    1.63362686E+00    3.21668772E+00    7.71088025E+02   -6.14672898E-08
    5.00000007E-02    1.63362686E+00    3.23334122E+00    7.61974995E+02   -6.14672899E-08
    5.00000007E-02    1.63362686E+00    3.25003742E+00    7.52954367E+02   -6.14672900E-08
    5.00000007E-02    1.63362686E+00    3.26669092E+00    7.44070721E+02   -6.14672897E-08
    5.00000007E-02    1.63362686E+00    3.28334443E+00    7.35299303E+02   -6.14672898E-08
    5.00000007E-02    1.63362686E+00    3.30004063E+00    7.26616532E+02   -6.14672898E-08
    5.00000007E-02    1.63362686E+00    3.31669413E+00    7.18065325E+02   -6.14672900E-08
    5.00000007E-02    1.63362686E+00    3.33334763E+00    7.09621859E+02   -6.14672903E-08
    5.00000007E-02    1.63362686E+00    3.35000113E+00    7.01284685E+02   -6.14672899E-08
    5.00000007E-02    1.63362686E+00    3.36669733E+00    6.93031394E+02   -6.14672899E-08
    5.00000007E-02    1.63362686E+00    3.38335083E+00    6.84902788E+02   -6.14672899E-08
    5.00000007E-02    1.63362686E+00    3.40000433E+00    6.76876233E+02   -6.14672900E-08
    5.00000007E-02    1.63362686E+00    3.41670054E+00    6.68930162E+02   -6.14672900E-08
    5.00000007E-02    1.63362686E+00    3.43335404E+00    6.61103864E+02   -6.14672900E-08
    5.00000007E-02    1.63362686E+00    3.45000754E+00    6.53375555E+02   -6.14672899E-08
    5.00000007E-02    1.63362686E+00    3.46670374E+00    6.45724473E+02   -6.14672899E-08
    5.00000007E-02    1.63362686E+00    3.48335724E+00    6.38188455E+02   -6.14672899E-08
    5.00000007E-02    1.63362686E+00    3.50001074E+00    6.30746532E+02   -6.14672900E-08
    5.00000007E-02    1.63362686E+00    3.51670694E+00    6.23378718E+02   -6.14672900E-08
    5.00000007E-02    1.63362686E+00    3.53336044E+00    6.16121453E+02   -6.14672901E-08
    5.00000007E-02    1.63362686E+00    3.55001394E+00    6.08954552E+02   -6.14672900E-08
    5.00000007E-02    1.63362686E+00    3.56666744E+00    6.01876807E+02   -6.14672900E-08
    5.00000007E-02    1.63362686E+00    3.58336365E+00    5.94869216E+02   -6.14672896E-08
    5.00000007E-02    1.63362686E+00    3.60001715E+00    5.87966447E+02   -6.14672899E-08
    5.00000007E-02    1.63362686E+00    3.61667065E+00    5.81149310E+02   -6.14672899E-08
    5.00000007E-02    1.63362686E+00    3.63336685E+00    5.74399506E+02   -6.14672898E-08
    5.00000007E-02    1.63362686E+00    3.65002035E+00    5.67750436E+02   -6.14672899E-08
    5.00000007E-02    1.63362686E+00    3.66667385E+00    5.61183620E+02   -6.14672902E-08
    5.00000007E-02    1.63362686E+00    3.68337005E+00    5.54681437E+02   -6.14672899E-08
    5.00000007E-02    1.63362686E+00    3.70002355E+00    5.48276068E+02   -6.14672900E-08
    5.00000007E-02    1.63362686E+00    3.71667705E+00    5.41949716E+02   -6.14672895E-08
    5.00000007E-02    1.63362686E+00    3.73337326E+00    5.35685412E+02   -6.14672899E-08
    5.00000007E-02    1.63362686E+00    3.75002676E+00    5.29514163E+02   -6.14672899E-08
    5.00000007E-02    1.63362686E+00    3.76668026E+00    5.23418831E+02   -6.14672910E-08
    5.00000007E-02    1.63362686E+00    3.78333376E+00    5.17398413E+02   -6.14672900E-08
    5.00000007E-02    1.63362686E+00    3.80002996E+00    5.11436764E+02   -6.14672898E-08
    5.00000007E-02    1.63362686E+00    3.81668346E+00    5.05563403E+02   -6.14672899E-08
    5.00000007E-02    1.63362686E+00    3.83333696E+00    4.99762025E+02   -6.14672901E-08
    5.00000007E-02    1.63362686E+00    3.85003316E+00    4.94017080E+02   -6.14672899E-08
    5.00000007E-02    1.63362686E+00    3.86668667E+00    4.88357017E+02   -6.14672899E-08
    5.00000007E-02    1.63362686E+00    3.88334017E+00    4.82766131E+02   -6.14672899E-08
    5.00000007E-02    1.63362686E+00    3.90003637E+00    4.77229439E+02   -6.14672901E-08
    5.00000007E-02    1.63362686E+00    3.91668987E+00    4.71774365E+02   -6.14672900E-08
    5.00000007E-02    1.63362686E+00    3.93334337E+00    4.66385776E+02   -6.14672898E-08
    5.00000007E-02    1.63362686E+00    3.95003957E+00    4.61049239E+02   -6.14672899E-08
    5.00000007E-02    1.63362686E+00    3.96669307E+00    4.55791188E+02   -6.14672896E-08
    5.00000007E-02    1.63362686E+00    3.98334657E+00    4.50597046E+02   -6.14672898E-08
    5.00000007E-02    1.63362686E+00    4.00004278E+00    4.45452900E+02   -6.14672898E-08
    5.00000007E-02    1.63362686E+00    4.01669628E+00    4.40384240E+02   -6.14672899E-08
    5.00000007E-02    1.63362686E+00    4.03334978E+00    4.35377018E+02   -6.14672897E-08
    5.00000007E-02    1.63362686E+00    4.05000328E+00    4.30430432E+02   -6.14672901E-08
    5.00000007E-02    1.63362686E+00    4.06669948E+00    4.25531240E+02   -6.14672901E-08
    5.00000007E-02    1.63362686E+00    4.08335298E+00    4.20703723E+02   -6.14672900E-08
    5.00000007E-02    1.63362686E+00    4.10000648E+00    4.15934507E+02   -6.14672901E-08
    5.00000007E-02    1.63362686E+00    4.11670268E+00    4.11210828E+02   -6.14672901E-08
    5.00000007E-02    1.63362686E+00    4.13335618E+00    4.06556101E+02   -6.14672899E-08
    5.00000007E-02    1.63362686E+00    4.15000968E+00    4.01957436E+02   -6.14672895E-08
    5.00000007E-02    1.63362686E+00    4.16670589E+00    3.97402529E+02   -6.14672900E-08
    5.00000007E-02    1.63362686E+00    4.18335939E+00    3.92913962E+02   -6.14672899E-08
    5.00000007E-02    1.63362686E+00    4.20001289E+00    3.88479310E+02   -6.14672899E-08
    5.00000007E-02    1.63362686E+00    4.21670909E+00    3.84086712E+02   -6.14672900E-08
    5.00000007E-02    1.63362686E+00    4.23336259E+00    3.79757948E+02   -6.14672901E-08
    5.00000007E-02    1.63362686E+00    4.25001609E+00    3.75481041E+02   -6.14672901E-08
    5.00000007E-02    1.63362686E+00    4.26666959E+00    3.71255324E+02   -6.14672896E-08
    5.00000007E-02    1.63362686E+00    4.28336579E+00    3.67069499E+02   -6.14672903E-08
    5.00000007E-02    1.63362686E+00    4.30001930E+00    3.62944326E+02   -6.14672901E-08
    5.00000007E-02    1.63362686E+00    4.31667280E+00    3.58868395E+02   -6.14672900E-08
    5.00000007E-02    1.63362686E+00    4.33336900E+00    3.54830813E+02   -6.14672899E-08
    5.00000007E-02    1.63362686E+00    4.35002250E+00    3.50851609E+02   -6.14672898E-08
    5.00000007E-02    1.63362686E+00    4.36667600E+00    3.46919780E+02   -6.14672900E-08
    5.00000007E-02    1.63362686E+00    4.38337220E+00    3.43024820E+02   -6.14672897E-08
    5.00000007E-02    1.63362686E+00    4.40002570E+00    3.39186055E+02   -6.14672897E-08
    5.00000007E-02    1.63362686E+00    4.41667920E+00    3.35392874E+02   -6.14672900E-08
    5.00000007E-02    1.63362686E+00    4.43337540E+00    3.31635144E+02   -6.14672896E-08
    5.00000007E-02    1.63362686E+00    4.45002891E+00    3.27931513E+02   -6.14672899E-08
    5.00000007E-02    1.63362686E+00    4.46668241E+00    3.24271749E+02   -6.14672900E-08
    5.00000007E-02    1.63362686E+00    4.48333591E+00    3.20655294E+02   -6.14672901E-08
    5.00000007E-02    1.63362686E+00    4.50003211E+00    3.17072491E+02   -6.14672899E-08
    5.00000007E-02    1.63362686E+00    4.51668561E+00    3.13541124E+02   -6.14672899E-08
    5.00000007E-02    1.63362686E+00    4.53333911E+00    3.10051440E+02   -6.14672901E-08
    5.00000007E-02    1.63362686E+00    4.55003531E+00    3.06594123E+02   -6.14672898E-08
    5.00000007E-02    1.63362686E+00    4.56668881E+00    3.03186336E+02   -6.14672900E-08
    5.00000007E-02    1.63362686E+00    4.58334231E+00    2.99818673E+02   -6.14672899E-08
    5.00000007E-02    1.63362686E+00    4.60003852E+00    2.96482144E+02   -6.14672899E-08
    5.00000007E-02    1.63362686E+00    4.61669202E+00    2.93193316E+02   -6.14672899E-08
    5.00000007E-02    1.63362686E+00    4.63334552E+00    2.89943114E+02   -6.14672899E-08
    5.00000007E-02    1.63362686E+00    4.65004172E+00    2.86722864E+02   -6.14672899E-08
    5.00000007E-02    1.63362686E+00    4.66669522E+00    2.83548559E+02   -6.14672898E-08
    5.00000007E-02    1.63362686E+00    4.68334872E+00    2.80411442E+02   -6.14672898E-08
    5.00000007E-02    1.63362686E+00    4.70000222E+00    2.77311047E+02   -6.14672899E-08
    5.00000007E-02    1.63362686E+00    4.71669842E+00    2.74239104E+02   -6.14672895E-08
    5.00000007E-02    1.63362686E+00    4.73335192E+00    2.71210872E+02   -6.14672899E-08
    5.00000007E-02    1.63362686E+00    4.75000543E+00    2.68218000E+02   -6.14672899E-08
    5.00000007E-02    1.63362686E+00    4.76670163E+00    2.65252507E+02   -6.14672899E-08
    5.00000007E-02    1.63362686E+00    4.78335513E+00    2.62329127E+02   -6.14672898E-08
    5.00000007E-02    1.63362686E+00    4.80000863E+00    2.59439799E+02   -6.14672900E-08
    5.00000007E-02    1.63362686E+00    4.81670483E+00    2.56576822E+02   -6.14672898E-08
    5.00000007E-02    1.63362686E+00    4.83335833E+00    2.53754421E+02   -6.14672900E-08
    5.00000007E-02    1.63362686E+00    4.85001183E+00    2.50964817E+02   -6.14672902E-08
    5.00000007E-02    1.63362686E+00    4.86670803E+00    2.48200577E+02   -6.14672899E-08
    5.00000007E-02    1.63362686E+00    4.88336154E+00    2.45475436E+02   -6.14672899E-08
    5.00000007E-02    1.63362686E+00    4.90001504E+00    2.42781888E+02   -6.14672898E-08
    5.00000007E-02    1.63362686E+00    4.91666854E+00    2.40119541E+02   -6.14672899E-08
    5.00000007E-02    1.63362686E+00    4.93336474E+00    2.37481303E+02   -6.14672901E-08
    5.00000007E-02    1.63362686E+00    4.95001824E+00    2.34880286E+02   -6.14672898E-08
    5.00000007E-02    1.63362686E+00    4.96667174E+00    2.32309328E+02   -6.14672899E-08
    5.00000007E-02    1.63362686E+00    4.98336794E+00    2.29761581E+02   -6.14672900E-08
    5.00000007E-02    1.63362686E+00    5.00002144E+00    2.27249710E+02   -6.14672900E-08
