   -9.79591837E-01    1.20512739E+00    5.56065864E+01    6.06262435E-03
   -9.38775511E-01    3.47478393E+00    5.33478462E+01    5.81001501E-03
   -8.97959186E-01    5.56005352E+00    4.88757333E+01    5.55740566E-03
   -8.57142860E-01    7.46463963E+00    4.44944600E+01    5.30479632E-03
   -8.16326534E-01    9.19225427E+00    4.02041723E+01    5.05218698E-03
   -7.75510209E-01    1.07466128E+01    3.60048693E+01    4.79957764E-03
   -7.34693883E-01    1.21314272E+01    3.18963559E+01    4.54696829E-03
   -6.93877557E-01    1.33503969E+01    2.78781798E+01    4.29435895E-03
   -6.53061232E-01    1.44071969E+01    2.39495450E+01    4.04174961E-03
   -6.12244906E-01    1.53054618E+01    2.01091928E+01    3.78914027E-03
   -5.71428580E-01    1.60487637E+01    1.63552346E+01    3.53653092E-03
   -5.30612255E-01    1.66405829E+01    1.26849123E+01    3.28392158E-03
   -4.89795929E-01    1.70842667E+01    9.09424886E+00    3.03131224E-03
   -4.48979603E-01    1.73829706E+01    5.57752166E+00    2.77870290E-03
   -4.08163277E-01    1.75395746E+01    2.12644907E+00    2.52609355E-03
   -3.67346952E-01    1.75565583E+01   -1.27111628E+00    2.27348421E-03
   -3.26530626E-01    1.74358100E+01   -4.63337944E+00    2.02087487E-03
   -2.85714300E-01    1.71783232E+01   -7.98848661E+00    1.76826552E-03
   -2.44897975E-01    1.67836886E+01   -1.13818995E+01    1.51565618E-03
   -2.04081649E-01    1.62491886E+01   -1.48917402E+01    1.26304684E-03
   -1.63265323E-01    1.55680364E+01   -1.86650466E+01    1.01043750E-03
   -1.22448998E-01    1.47255113E+01   -2.30216054E+01    7.57828155E-04
   -8.16326719E-02    1.36887217E+01   -2.88732404E+01    5.05218812E-04
   -4.08163462E-02    1.23685122E+01   -4.47548379E+01    2.52609469E-04
   -2.04890966E-08    1.00352656E+01   -1.88572998E-05    1.26805565E-10
    4.08163052E-02    1.23685106E+01    4.47548237E+01    2.52609216E-04
    8.16326309E-02    1.36887206E+01    2.88732478E+01    5.05218558E-04
    1.22448957E-01    1.47255104E+01    2.30216103E+01    7.57827901E-04
    1.63265282E-01    1.55680356E+01    1.86650506E+01    1.01043724E-03
    2.04081608E-01    1.62491880E+01    1.48917438E+01    1.26304659E-03
    2.44897934E-01    1.67836882E+01    1.13819030E+01    1.51565593E-03
    2.85714259E-01    1.71783229E+01    7.98848999E+00    1.76826527E-03
    3.26530585E-01    1.74358098E+01    4.63338281E+00    2.02087461E-03
    3.67346911E-01    1.75565582E+01    1.27111967E+00    2.27348396E-03
    4.08163236E-01    1.75395747E+01   -2.12644564E+00    2.52609330E-03
    4.48979562E-01    1.73829708E+01   -5.57751816E+00    2.77870264E-03
    4.89795888E-01    1.70842671E+01   -9.09424529E+00    3.03131198E-03
    5.30612214E-01    1.66405835E+01   -1.26849087E+01    3.28392133E-03
    5.71428539E-01    1.60487643E+01   -1.63552308E+01    3.53653067E-03
    6.12244865E-01    1.53054626E+01   -2.01091890E+01    3.78914001E-03
    6.53061191E-01    1.44071979E+01   -2.39495411E+01    4.04174935E-03
    6.93877516E-01    1.33503981E+01   -2.78781758E+01    4.29435870E-03
    7.34693842E-01    1.21314285E+01   -3.18963518E+01    4.54696804E-03
    7.75510168E-01    1.07466143E+01   -3.60048651E+01    4.79957738E-03
    8.16326493E-01    9.19225591E+00   -4.02041681E+01    5.05218673E-03
    8.57142819E-01    7.46464145E+00   -4.44944557E+01    5.30479607E-03
    8.97959145E-01    5.56005552E+00   -4.88757289E+01    5.55740541E-03
    9.38775470E-01    3.47478612E+00   -5.33478417E+01    5.81001475E-03
    9.79591796E-01    1.20512976E+00   -5.56065818E+01    6.06262410E-03
