    5.00000007E-02    0.00000000E+00    1.00000000E+00    2.50721334E-02    1.00000001E-01    2.49895874E-03    1.36254922E+03
    7.97979805E-02    3.20014574E-02    9.99487822E-01    4.01920508E-02    1.00000001E-01    2.49895874E-03    5.35218249E+02
    1.09595960E-01    6.39048233E-02    9.97955998E-01    5.55565770E-02    1.00000001E-01    2.49895874E-03    2.84178839E+02
    1.39393940E-01    9.56135025E-02    9.95418534E-01    7.12561387E-02    1.00000001E-01    2.49895874E-03    1.76115958E+02
    1.69191920E-01    1.27033839E-01    9.91898384E-01    8.73802994E-02    1.00000001E-01    2.49895874E-03    1.19968106E+02
    1.98989900E-01    1.58076459E-01    9.87426875E-01    1.04017527E-01    1.00000001E-01    2.49895874E-03    8.71214735E+01
    2.28787879E-01    1.88657461E-01    9.82042954E-01    1.21254962E-01    1.00000001E-01    2.49895874E-03    6.62667561E+01
    2.58585859E-01    2.18699437E-01    9.75792271E-01    1.39178193E-01    1.00000001E-01    2.49895874E-03    5.22065872E+01
    2.88383839E-01    2.48132279E-01    9.68726159E-01    1.57871031E-01    1.00000001E-01    2.49895874E-03    4.22813997E+01
    3.18181819E-01    2.76893776E-01    9.60900534E-01    1.77415299E-01    1.00000001E-01    2.49895874E-03    3.50157205E+01
    3.47979799E-01    3.04929985E-01    9.52374771E-01    1.97890626E-01    1.00000001E-01    2.49895874E-03    2.95376727E+01
    3.77777778E-01    3.32195392E-01    9.43210592E-01    2.19374258E-01    1.00000001E-01    2.49895874E-03    2.53052560E+01
    4.07575758E-01    3.58652884E-01    9.33471001E-01    2.41940879E-01    1.00000001E-01    2.49895874E-03    2.19671998E+01
    4.37373738E-01    3.84273531E-01    9.23219288E-01    2.65662453E-01    1.00000001E-01    2.49895874E-03    1.92877669E+01
    4.67171718E-01    4.09036243E-01    9.12518138E-01    2.90608088E-01    1.00000001E-01    2.49895874E-03    1.71039977E+01
    4.96969698E-01    4.32927288E-01    9.01428846E-01    3.16843911E-01    1.00000001E-01    2.49895874E-03    1.53003355E+01
    5.26767677E-01    4.55939730E-01    8.90010653E-01    3.44432980E-01    1.00000001E-01    2.49895874E-03    1.37930014E+01
    5.56565657E-01    4.78072812E-01    8.78320207E-01    3.73435209E-01    1.00000001E-01    2.49895874E-03    1.25200637E+01
    5.86363637E-01    4.99331291E-01    8.66411139E-01    4.03907319E-01    1.00000001E-01    2.49895874E-03    1.14349464E+01
    6.16161617E-01    5.19724771E-01    8.54333754E-01    4.35902816E-01    1.00000001E-01    2.49895874E-03    1.05020813E+01
    6.45959597E-01    5.39267035E-01    8.42134826E-01    4.69471986E-01    1.00000001E-01    2.49895874E-03    9.69393012E+00
    6.75757576E-01    5.57975409E-01    8.29857483E-01    5.04661918E-01    1.00000001E-01    2.49895874E-03    8.98890644E+00
    7.05555556E-01    5.75870148E-01    8.17541175E-01    5.41516545E-01    1.00000001E-01    2.49895874E-03    8.36989778E+00
    7.35353536E-01    5.92973871E-01    8.05221701E-01    5.80076700E-01    1.00000001E-01    2.49895874E-03    7.82319905E+00
    7.65151516E-01    6.09311049E-01    7.92931300E-01    6.20380194E-01    1.00000001E-01    2.49895874E-03    7.33773080E+00
    7.94949496E-01    6.24907530E-01    7.80698776E-01    6.62461907E-01    1.00000001E-01    2.49895874E-03    6.90445887E+00
    8.24747475E-01    6.39790130E-01    7.68549666E-01    7.06353890E-01    1.00000001E-01    2.49895874E-03    6.51595826E+00
    8.54545455E-01    6.53986270E-01    7.56506417E-01    7.52085477E-01    1.00000001E-01    2.49895874E-03    6.16608160E+00
    8.84343435E-01    6.67523654E-01    7.44588592E-01    7.99683409E-01    1.00000001E-01    2.49895874E-03    5.84970454E+00
    9.14141415E-01    6.80430008E-01    7.32813076E-01    8.49171957E-01    1.00000001E-01    2.49895874E-03    5.56252840E+00
    9.43939394E-01    6.92732850E-01    7.21194287E-01    9.00573059E-01    1.00000001E-01    2.49895874E-03    5.30092575E+00
    9.73737374E-01    7.04459303E-01    7.09744384E-01    9.53906446E-01    1.00000001E-01    2.49895874E-03    5.06181861E+00
    1.00353535E+00    7.15635945E-01    6.98473474E-01    1.00918978E+00    1.00000001E-01    2.49895874E-03    4.84258162E+00
    1.03333333E+00    7.26288684E-01    6.87389807E-01    1.06643881E+00    1.00000001E-01    2.49895874E-03    4.64096459E+00
    1.06313131E+00    7.36442668E-01    6.76499961E-01    1.12566744E+00    1.00000001E-01    2.49895874E-03    4.45502993E+00
    1.09292929E+00    7.46122209E-01    6.65809018E-01    1.18688793E+00    1.00000001E-01    2.49895874E-03    4.28310199E+00
    1.12272727E+00    7.55350739E-01    6.55320732E-01    1.25011099E+00    1.00000001E-01    2.49895874E-03    4.12372570E+00
    1.15252525E+00    7.64150770E-01    6.45037674E-01    1.31534591E+00    1.00000001E-01    2.49895874E-03    3.97563258E+00
    1.18232323E+00    7.72543881E-01    6.34961379E-01    1.38260063E+00    1.00000001E-01    2.49895874E-03    3.83771274E+00
    1.21212121E+00    7.80550708E-01    6.25092467E-01    1.45188194E+00    1.00000001E-01    2.49895874E-03    3.70899163E+00
    1.24191919E+00    7.88190950E-01    6.15430765E-01    1.52319549E+00    1.00000001E-01    2.49895874E-03    3.58861065E+00
    1.27171717E+00    7.95483376E-01    6.05975410E-01    1.59654595E+00    1.00000001E-01    2.49895874E-03    3.47581096E+00
    1.30151515E+00    8.02445848E-01    5.96724946E-01    1.67193710E+00    1.00000001E-01    2.49895874E-03    3.36991984E+00
    1.33131313E+00    8.09095339E-01    5.87677405E-01    1.74937187E+00    1.00000001E-01    2.49895874E-03    3.27033917E+00
    1.36111111E+00    8.15447962E-01    5.78830391E-01    1.82885247E+00    1.00000001E-01    2.49895874E-03    3.17653568E+00
    1.39090909E+00    8.21519000E-01    5.70181140E-01    1.91038046E+00    1.00000001E-01    2.49895874E-03    3.08803264E+00
    1.42070707E+00    8.27322935E-01    5.61726590E-01    1.99395677E+00    1.00000001E-01    2.49895874E-03    3.00440278E+00
    1.45050505E+00    8.32873482E-01    5.53463425E-01    2.07958185E+00    1.00000001E-01    2.49895874E-03    2.92526223E+00
    1.48030303E+00    8.38183623E-01    5.45388132E-01    2.16725564E+00    1.00000001E-01    2.49895874E-03    2.85026527E+00
    1.51010101E+00    8.43265638E-01    5.37497036E-01    2.25697769E+00    1.00000001E-01    2.49895874E-03    2.77909986E+00
    1.53989899E+00    8.48131142E-01    5.29786339E-01    2.34874717E+00    1.00000001E-01    2.49895874E-03    2.71148370E+00
    1.56969697E+00    8.52791115E-01    5.22252155E-01    2.44256296E+00    1.00000001E-01    2.49895874E-03    2.64716091E+00
    1.59949495E+00    8.57255935E-01    5.14890533E-01    2.53842362E+00    1.00000001E-01    2.49895874E-03    2.58589906E+00
    1.62929293E+00    8.61535410E-01    5.07697486E-01    2.63632750E+00    1.00000001E-01    2.49895874E-03    2.52748661E+00
    1.65909091E+00    8.65638808E-01    5.00669007E-01    2.73627274E+00    1.00000001E-01    2.49895874E-03    2.47173067E+00
    1.68888889E+00    8.69574884E-01    4.93801094E-01    2.83825731E+00    1.00000001E-01    2.49895874E-03    2.41845503E+00
    1.71868687E+00    8.73351914E-01    4.87089760E-01    2.94227901E+00    1.00000001E-01    2.49895874E-03    2.36749846E+00
    1.74848485E+00    8.76977715E-01    4.80531046E-01    3.04833554E+00    1.00000001E-01    2.49895874E-03    2.31871314E+00
    1.77828283E+00    8.80459676E-01    4.74121038E-01    3.15642450E+00    1.00000001E-01    2.49895874E-03    2.27196337E+00
    1.80808081E+00    8.83804777E-01    4.67855870E-01    3.26654340E+00    1.00000001E-01    2.49895874E-03    2.22712435E+00
    1.83787879E+00    8.87019619E-01    4.61731735E-01    3.37868969E+00    1.00000001E-01    2.49895874E-03    2.18408113E+00
    1.86767677E+00    8.90110439E-01    4.55744891E-01    3.49286078E+00    1.00000001E-01    2.49895874E-03    2.14272768E+00
    1.89747475E+00    8.93083136E-01    4.49891667E-01    3.60905406E+00    1.00000001E-01    2.49895874E-03    2.10296606E+00
    1.92727273E+00    8.95943288E-01    4.44168464E-01    3.72726687E+00    1.00000001E-01    2.49895874E-03    2.06470566E+00
    1.95707071E+00    8.98696171E-01    4.38571764E-01    3.84749657E+00    1.00000001E-01    2.49895874E-03    2.02786258E+00
    1.98686869E+00    9.01346778E-01    4.33098125E-01    3.96974051E+00    1.00000001E-01    2.49895874E-03    1.99235896E+00
    2.01666667E+00    9.03899832E-01    4.27744191E-01    4.09399605E+00    1.00000001E-01    2.49895874E-03    1.95812252E+00
    2.04646465E+00    9.06359807E-01    4.22506686E-01    4.22026058E+00    1.00000001E-01    2.49895874E-03    1.92508603E+00
    2.07626263E+00    9.08730938E-01    4.17382418E-01    4.34853150E+00    1.00000001E-01    2.49895874E-03    1.89318693E+00
    2.10606061E+00    9.11017234E-01    4.12368281E-01    4.47880625E+00    1.00000001E-01    2.49895874E-03    1.86236688E+00
    2.13585859E+00    9.13222498E-01    4.07461249E-01    4.61108230E+00    1.00000001E-01    2.49895874E-03    1.83257146E+00
    2.16565657E+00    9.15350331E-01    4.02658382E-01    4.74535715E+00    1.00000001E-01    2.49895874E-03    1.80374984E+00
    2.19545455E+00    9.17404147E-01    3.97956821E-01    4.88162836E+00    1.00000001E-01    2.49895874E-03    1.77585446E+00
    2.22525253E+00    9.19387186E-01    3.93353787E-01    5.01989353E+00    1.00000001E-01    2.49895874E-03    1.74884081E+00
    2.25505051E+00    9.21302520E-01    3.88846585E-01    5.16015029E+00    1.00000001E-01    2.49895874E-03    1.72266721E+00
    2.28484849E+00    9.23153065E-01    3.84432594E-01    5.30239633E+00    1.00000001E-01    2.49895874E-03    1.69729451E+00
    2.31464646E+00    9.24941588E-01    3.80109273E-01    5.44662941E+00    1.00000001E-01    2.49895874E-03    1.67268600E+00
    2.34444444E+00    9.26670718E-01    3.75874155E-01    5.59284730E+00    1.00000001E-01    2.49895874E-03    1.64880716E+00
    2.37424242E+00    9.28342953E-01    3.71724848E-01    5.74104786E+00    1.00000001E-01    2.49895874E-03    1.62562552E+00
    2.40404040E+00    9.29960664E-01    3.67659031E-01    5.89122898E+00    1.00000001E-01    2.49895874E-03    1.60311050E+00
    2.43383838E+00    9.31526109E-01    3.63674453E-01    6.04338862E+00    1.00000001E-01    2.49895874E-03    1.58123331E+00
    2.46363636E+00    9.33041432E-01    3.59768935E-01    6.19752476E+00    1.00000001E-01    2.49895874E-03    1.55996678E+00
    2.49343434E+00    9.34508674E-01    3.55940359E-01    6.35363548E+00    1.00000001E-01    2.49895874E-03    1.53928527E+00
    2.52323232E+00    9.35929776E-01    3.52186676E-01    6.51171887E+00    1.00000001E-01    2.49895874E-03    1.51916456E+00
    2.55303030E+00    9.37306587E-01    3.48505899E-01    6.67177309E+00    1.00000001E-01    2.49895874E-03    1.49958176E+00
    2.58282828E+00    9.38640869E-01    3.44896100E-01    6.83379636E+00    1.00000001E-01    2.49895874E-03    1.48051520E+00
    2.61262626E+00    9.39934296E-01    3.41355414E-01    6.99778693E+00    1.00000001E-01    2.49895874E-03    1.46194438E+00
    2.64242424E+00    9.41188469E-01    3.37882030E-01    7.16374311E+00    1.00000001E-01    2.49895874E-03    1.44384986E+00
    2.67222222E+00    9.42404909E-01    3.34474195E-01    7.33166325E+00    1.00000001E-01    2.49895874E-03    1.42621323E+00
    2.70202020E+00    9.43585070E-01    3.31130209E-01    7.50154577E+00    1.00000001E-01    2.49895874E-03    1.40901700E+00
    2.73181818E+00    9.44730337E-01    3.27848425E-01    7.67338912E+00    1.00000001E-01    2.49895874E-03    1.39224458E+00
    2.76161616E+00    9.45842033E-01    3.24627246E-01    7.84719178E+00    1.00000001E-01    2.49895874E-03    1.37588021E+00
    2.79141414E+00    9.46921419E-01    3.21465124E-01    8.02295232E+00    1.00000001E-01    2.49895874E-03    1.35990888E+00
    2.82121212E+00    9.47969701E-01    3.18360559E-01    8.20066930E+00    1.00000001E-01    2.49895874E-03    1.34431635E+00
    2.85101010E+00    9.48988031E-01    3.15312096E-01    8.38034137E+00    1.00000001E-01    2.49895874E-03    1.32908905E+00
    2.88080808E+00    9.49977507E-01    3.12318325E-01    8.56196718E+00    1.00000001E-01    2.49895874E-03    1.31421404E+00
    2.91060606E+00    9.50939182E-01    3.09377880E-01    8.74554545E+00    1.00000001E-01    2.49895874E-03    1.29967901E+00
    2.94040404E+00    9.51874060E-01    3.06489434E-01    8.93107494E+00    1.00000001E-01    2.49895874E-03    1.28547221E+00
    2.97020202E+00    9.52783104E-01    3.03651703E-01    9.11855442E+00    1.00000001E-01    2.49895874E-03    1.27158244E+00
    3.00000000E+00    9.53667233E-01    3.00863440E-01    9.30798272E+00    1.00000001E-01    2.49895874E-03    1.25799900E+00
