    1.00353535E+00    2.01061768E+00    1.66962020E-02    9.99678951E-05   -1.16469453E-03
    1.00353535E+00    2.01061768E+00    3.33497028E-02    9.99343460E-05   -1.79942431E-03
    1.00353535E+00    2.01061768E+00    5.00032035E-02    9.98999475E-05   -2.15455232E-03
    1.00353535E+00    2.01061768E+00    6.66994056E-02    9.98650024E-05   -2.35892810E-03
    1.00353535E+00    2.01061768E+00    8.33529063E-02    9.98299044E-05   -2.48096898E-03
    1.00353535E+00    2.01061768E+00    1.00006407E-01    9.97946824E-05   -2.55876591E-03
    1.00353535E+00    2.01061768E+00    1.16702609E-01    9.97593119E-05   -2.61264282E-03
    1.00353535E+00    2.01061768E+00    1.33356110E-01    9.97240113E-05   -2.65324948E-03
    1.00353535E+00    2.01061768E+00    1.50009611E-01    9.96887124E-05   -2.68662337E-03
    1.00353535E+00    2.01061768E+00    1.66705813E-01    9.96533402E-05   -2.71597230E-03
    1.00353535E+00    2.01061768E+00    1.83359313E-01    9.96180879E-05   -2.74281970E-03
    1.00353535E+00    2.01061768E+00    2.00012814E-01    9.95828649E-05   -2.76830899E-03
    1.00353535E+00    2.01061768E+00    2.16709016E-01    9.95475627E-05   -2.79335118E-03
    1.00353535E+00    2.01061768E+00    2.33362517E-01    9.95123620E-05   -2.81794705E-03
    1.00353535E+00    2.01061768E+00    2.50016018E-01    9.94772626E-05   -2.84067494E-03
    1.00353535E+00    2.01061768E+00    2.66669518E-01    9.94424532E-05   -2.85896615E-03
    1.00353535E+00    2.01061768E+00    2.83365720E-01    9.94079664E-05   -2.87239384E-03
    1.00353535E+00    2.01061768E+00    3.00019221E-01    9.93737339E-05   -2.88666387E-03
    1.00353535E+00    2.01061768E+00    3.16672722E-01    9.93388938E-05   -2.91429859E-03
    1.00353535E+00    2.01061768E+00    3.33368924E-01    9.93023072E-05   -2.96821155E-03
    1.00353535E+00    2.01061768E+00    3.50022425E-01    9.92635843E-05   -3.04925483E-03
    1.00353535E+00    2.01061768E+00    3.66675925E-01    9.92233340E-05   -3.13806231E-03
    1.00353535E+00    2.01061768E+00    3.83372127E-01    9.91835591E-05   -3.19960923E-03
    1.00353535E+00    2.01061768E+00    4.00025628E-01    9.91467886E-05   -3.20686096E-03
    1.00353535E+00    2.01061768E+00    4.16679129E-01    9.91132424E-05   -3.17395217E-03
    1.00353535E+00    2.01061768E+00    4.33375331E-01    9.90795815E-05   -3.16568437E-03
    1.00353535E+00    2.01061768E+00    4.50028832E-01    9.90409225E-05   -3.24925152E-03
    1.00353535E+00    2.01061768E+00    4.66682332E-01    9.89981247E-05   -3.36083950E-03
    1.00353535E+00    2.01061768E+00    4.83335833E-01    9.89722571E-05   -3.10819363E-03
    1.00353535E+00    2.01061768E+00    5.00032035E-01    9.90217126E-05   -1.57719504E-03
    1.00353535E+00    2.01061768E+00    5.16685536E-01    9.92469235E-05    2.62471220E-03
    1.00353535E+00    2.01061768E+00    5.33339037E-01    9.97685653E-05    1.06975202E-02
    1.00353535E+00    2.01061768E+00    5.50035239E-01    1.00697705E-04    2.32931409E-02
    1.00353535E+00    2.01061768E+00    5.66688739E-01    1.02035124E-04    3.79761508E-02
    1.00353535E+00    2.01061768E+00    5.83342240E-01    1.04232070E-04    6.40286464E-02
    1.00353535E+00    2.01061768E+00    6.00038442E-01    1.09436973E-04    1.30762455E-01
    1.00353535E+00    2.01061768E+00    6.16691943E-01    1.20783431E-04    2.45142682E-01
    1.00353535E+00    2.01061768E+00    6.33345444E-01    1.41110608E-04    3.90714461E-01
    1.00353535E+00    2.01061768E+00    6.50041646E-01    1.73351349E-04    5.48039624E-01
    1.00353535E+00    2.01061768E+00    6.66695147E-01    2.22005656E-04    6.85613473E-01
    1.00353535E+00    2.01061768E+00    6.83348647E-01    2.92015939E-04    7.93767610E-01
    1.00353535E+00    2.01061768E+00    7.00002148E-01    3.89211757E-04    8.68728669E-01
    1.00353535E+00    2.01061768E+00    7.16698350E-01    5.20078918E-04    9.15810415E-01
    1.00353535E+00    2.01061768E+00    7.33351851E-01    6.90379139E-04    9.41564509E-01
    1.00353535E+00    2.01061768E+00    7.50005352E-01    9.07169505E-04    9.52174557E-01
    1.00353535E+00    2.01061768E+00    7.66701554E-01    1.17800529E-03    9.52742901E-01
    1.00353535E+00    2.01061768E+00    7.83355054E-01    1.50850726E-03    9.46565562E-01
    1.00353535E+00    2.01061768E+00    8.00008555E-01    1.90618204E-03    9.36129347E-01
    1.00353535E+00    2.01061768E+00    8.16704757E-01    2.37916216E-03    9.22974645E-01
    1.00353535E+00    2.01061768E+00    8.33358258E-01    2.93171021E-03    9.08232407E-01
    1.00353535E+00    2.01061768E+00    8.50011759E-01    3.57134805E-03    8.92604442E-01
    1.00353535E+00    2.01061768E+00    8.66707961E-01    4.30624727E-03    8.76510615E-01
    1.00353535E+00    2.01061768E+00    8.83361461E-01    5.13849404E-03    8.60353508E-01
    1.00353535E+00    2.01061768E+00    9.00014962E-01    6.07531743E-03    8.44301458E-01
    1.00353535E+00    2.01061768E+00    9.16668463E-01    7.12181335E-03    8.28486264E-01
    1.00353535E+00    2.01061768E+00    9.33364665E-01    8.28578390E-03    8.12956548E-01
    1.00353535E+00    2.01061768E+00    9.50018166E-01    9.56553099E-03    7.97844802E-01
    1.00353535E+00    2.01061768E+00    9.66671666E-01    1.09676946E-02    7.83140418E-01
    1.00353535E+00    2.01061768E+00    9.83367868E-01    1.24997217E-02    7.68822948E-01
    1.00353535E+00    2.01061768E+00    1.00002137E+00    1.41567062E-02    7.54970556E-01
    1.00353535E+00    2.01061768E+00    1.01667487E+00    1.59448949E-02    7.41543757E-01
    1.00353535E+00    2.01061768E+00    1.03337107E+00    1.78714524E-02    7.28503096E-01
    1.00353535E+00    2.01061768E+00    1.05002457E+00    1.99281785E-02    7.15905606E-01
    1.00353535E+00    2.01061768E+00    1.06667807E+00    2.21210808E-02    7.03705624E-01
    1.00353535E+00    2.01061768E+00    1.08337428E+00    2.44571811E-02    6.91860452E-01
    1.00353535E+00    2.01061768E+00    1.10002778E+00    2.69250390E-02    6.80417204E-01
    1.00353535E+00    2.01061768E+00    1.11668128E+00    2.95306171E-02    6.69331350E-01
    1.00353535E+00    2.01061768E+00    1.13333478E+00    3.22737532E-02    6.58589073E-01
    1.00353535E+00    2.01061768E+00    1.15003098E+00    3.51615374E-02    6.48150393E-01
    1.00353535E+00    2.01061768E+00    1.16668448E+00    3.81784345E-02    6.38055227E-01
    1.00353535E+00    2.01061768E+00    1.18333798E+00    4.13306187E-02    6.28263350E-01
    1.00353535E+00    2.01061768E+00    1.20003418E+00    4.46253957E-02    6.18738069E-01
    1.00353535E+00    2.01061768E+00    1.21668768E+00    4.80443795E-02    6.09515857E-01
    1.00353535E+00    2.01061768E+00    1.23334118E+00    5.15940750E-02    6.00560262E-01
    1.00353535E+00    2.01061768E+00    1.25003739E+00    5.52821245E-02    5.91838068E-01
    1.00353535E+00    2.01061768E+00    1.26669089E+00    5.90875185E-02    5.83383159E-01
    1.00353535E+00    2.01061768E+00    1.28334439E+00    6.30172127E-02    5.75162738E-01
    1.00353535E+00    2.01061768E+00    1.30004059E+00    6.70792817E-02    5.67146877E-01
    1.00353535E+00    2.01061768E+00    1.31669409E+00    7.12503348E-02    5.59367343E-01
    1.00353535E+00    2.01061768E+00    1.33334759E+00    7.55378759E-02    5.51794620E-01
    1.00353535E+00    2.01061768E+00    1.35000109E+00    7.99390670E-02    5.44420437E-01
    1.00353535E+00    2.01061768E+00    1.36669729E+00    8.44626843E-02    5.37218763E-01
    1.00353535E+00    2.01061768E+00    1.38335080E+00    8.90825677E-02    5.30218969E-01
    1.00353535E+00    2.01061768E+00    1.40000430E+00    9.38070600E-02    5.23395313E-01
    1.00353535E+00    2.01061768E+00    1.41670050E+00    9.86455177E-02    5.16724208E-01
    1.00353535E+00    2.01061768E+00    1.43335400E+00    1.03569989E-01    5.10233348E-01
    1.00353535E+00    2.01061768E+00    1.45000750E+00    1.08589483E-01    5.03899344E-01
    1.00353535E+00    2.01061768E+00    1.46670370E+00    1.13713953E-01    4.97700711E-01
    1.00353535E+00    2.01061768E+00    1.48335720E+00    1.18913887E-01    4.91663605E-01
    1.00353535E+00    2.01061768E+00    1.50001070E+00    1.24198970E-01    4.85766712E-01
    1.00353535E+00    2.01061768E+00    1.51670691E+00    1.29579754E-01    4.79990412E-01
    1.00353535E+00    2.01061768E+00    1.53336041E+00    1.35025396E-01    4.74359463E-01
    1.00353535E+00    2.01061768E+00    1.55001391E+00    1.40546248E-01    4.68854368E-01
    1.00353535E+00    2.01061768E+00    1.56666741E+00    1.46139020E-01    4.63470787E-01
    1.00353535E+00    2.01061768E+00    1.58336361E+00    1.51815041E-01    4.58191221E-01
    1.00353535E+00    2.01061768E+00    1.60001711E+00    1.57542021E-01    4.53038723E-01
    1.00353535E+00    2.01061768E+00    1.61667061E+00    1.63331166E-01    4.47995879E-01
    1.00353535E+00    2.01061768E+00    1.63336681E+00    1.69194352E-01    4.43046551E-01
    1.00353535E+00    2.01061768E+00    1.65002031E+00    1.75098428E-01    4.38212605E-01
    1.00353535E+00    2.01061768E+00    1.66667381E+00    1.81055200E-01    4.33477957E-01
    1.00353535E+00    2.01061768E+00    1.68337002E+00    1.87077062E-01    4.28827687E-01
    1.00353535E+00    2.01061768E+00    1.70002352E+00    1.93130181E-01    4.24282559E-01
    1.00353535E+00    2.01061768E+00    1.71667702E+00    1.99226918E-01    4.19827666E-01
    1.00353535E+00    2.01061768E+00    1.73337322E+00    2.05380136E-01    4.15449147E-01
    1.00353535E+00    2.01061768E+00    1.75002672E+00    2.11555479E-01    4.11166734E-01
    1.00353535E+00    2.01061768E+00    1.76668022E+00    2.17765813E-01    4.06966558E-01
    1.00353535E+00    2.01061768E+00    1.78333372E+00    2.24008368E-01    4.02846153E-01
    1.00353535E+00    2.01061768E+00    1.80002992E+00    2.30296546E-01    3.98792873E-01
    1.00353535E+00    2.01061768E+00    1.81668342E+00    2.36595516E-01    3.94825163E-01
    1.00353535E+00    2.01061768E+00    1.83333693E+00    2.42918719E-01    3.90930372E-01
    1.00353535E+00    2.01061768E+00    1.85003313E+00    2.49279907E-01    3.87096691E-01
    1.00353535E+00    2.01061768E+00    1.86668663E+00    2.55644049E-01    3.83341716E-01
    1.00353535E+00    2.01061768E+00    1.88334013E+00    2.62024964E-01    3.79653627E-01
    1.00353535E+00    2.01061768E+00    1.90003633E+00    2.68436701E-01    3.76021368E-01
    1.00353535E+00    2.01061768E+00    1.91668983E+00    2.74844159E-01    3.72461746E-01
    1.00353535E+00    2.01061768E+00    1.93334333E+00    2.81261477E-01    3.68963691E-01
    1.00353535E+00    2.01061768E+00    1.95003953E+00    2.87702962E-01    3.65516826E-01
    1.00353535E+00    2.01061768E+00    1.96669304E+00    2.94133542E-01    3.62137196E-01
    1.00353535E+00    2.01061768E+00    1.98334654E+00    3.00567624E-01    3.58814384E-01
    1.00353535E+00    2.01061768E+00    2.00004274E+00    3.07019713E-01    3.55538608E-01
    1.00353535E+00    2.01061768E+00    2.01669624E+00    3.13454862E-01    3.52325206E-01
    1.00353535E+00    2.01061768E+00    2.03334974E+00    3.19887693E-01    3.49164362E-01
    1.00353535E+00    2.01061768E+00    2.05000324E+00    3.26316386E-01    3.46054750E-01
    1.00353535E+00    2.01061768E+00    2.06669944E+00    3.32755634E-01    3.42987304E-01
    1.00353535E+00    2.01061768E+00    2.08335294E+00    3.39170786E-01    3.39976476E-01
    1.00353535E+00    2.01061768E+00    2.10000644E+00    3.45576659E-01    3.37013152E-01
    1.00353535E+00    2.01061768E+00    2.11670265E+00    3.51988030E-01    3.34088740E-01
    1.00353535E+00    2.01061768E+00    2.13335615E+00    3.58370545E-01    3.31217064E-01
    1.00353535E+00    2.01061768E+00    2.15000965E+00    3.64739114E-01    3.28389483E-01
    1.00353535E+00    2.01061768E+00    2.16670585E+00    3.71108550E-01    3.25597842E-01
    1.00353535E+00    2.01061768E+00    2.18335935E+00    3.77444866E-01    3.22855388E-01
    1.00353535E+00    2.01061768E+00    2.20001285E+00    3.83763016E-01    3.20153930E-01
    1.00353535E+00    2.01061768E+00    2.21670905E+00    3.90077820E-01    3.17485740E-01
    1.00353535E+00    2.01061768E+00    2.23336255E+00    3.96355717E-01    3.14863542E-01
    1.00353535E+00    2.01061768E+00    2.25001605E+00    4.02611674E-01    3.12279569E-01
    1.00353535E+00    2.01061768E+00    2.26666956E+00    4.08844529E-01    3.09732958E-01
    1.00353535E+00    2.01061768E+00    2.28336576E+00    4.15069053E-01    3.07216482E-01
    1.00353535E+00    2.01061768E+00    2.30001926E+00    4.21252331E-01    3.04742202E-01
    1.00353535E+00    2.01061768E+00    2.31667276E+00    4.27409287E-01    3.02302853E-01
    1.00353535E+00    2.01061768E+00    2.33336896E+00    4.33554618E-01    2.99891556E-01
    1.00353535E+00    2.01061768E+00    2.35002246E+00    4.39655946E-01    2.97519910E-01
    1.00353535E+00    2.01061768E+00    2.36667596E+00    4.45728123E-01    2.95180994E-01
    1.00353535E+00    2.01061768E+00    2.38337216E+00    4.51785740E-01    2.92868240E-01
    1.00353535E+00    2.01061768E+00    2.40002567E+00    4.57796985E-01    2.90592798E-01
    1.00353535E+00    2.01061768E+00    2.41667917E+00    4.63776604E-01    2.88348055E-01
    1.00353535E+00    2.01061768E+00    2.43337537E+00    4.69739053E-01    2.86127733E-01
    1.00353535E+00    2.01061768E+00    2.45002887E+00    4.75653118E-01    2.83942571E-01
    1.00353535E+00    2.01061768E+00    2.46668237E+00    4.81533409E-01    2.81786249E-01
    1.00353535E+00    2.01061768E+00    2.48333587E+00    4.87379278E-01    2.79658176E-01
    1.00353535E+00    2.01061768E+00    2.50003207E+00    4.93204964E-01    2.77552428E-01
    1.00353535E+00    2.01061768E+00    2.51668557E+00    4.98980079E-01    2.75479210E-01
    1.00353535E+00    2.01061768E+00    2.53333907E+00    5.04719010E-01    2.73432555E-01
    1.00353535E+00    2.01061768E+00    2.55003528E+00    5.10435804E-01    2.71406781E-01
    1.00353535E+00    2.01061768E+00    2.56668878E+00    5.16100720E-01    2.69411737E-01
    1.00353535E+00    2.01061768E+00    2.58334228E+00    5.21727957E-01    2.67441711E-01
    1.00353535E+00    2.01061768E+00    2.60003848E+00    5.27331356E-01    2.65491262E-01
    1.00353535E+00    2.01061768E+00    2.61669198E+00    5.32881841E-01    2.63569891E-01
    1.00353535E+00    2.01061768E+00    2.63334548E+00    5.38393399E-01    2.61672113E-01
    1.00353535E+00    2.01061768E+00    2.65004168E+00    5.43879647E-01    2.59792699E-01
    1.00353535E+00    2.01061768E+00    2.66669518E+00    5.49312181E-01    2.57940827E-01
    1.00353535E+00    2.01061768E+00    2.68334868E+00    5.54704768E-01    2.56111238E-01
    1.00353535E+00    2.01061768E+00    2.70000219E+00    5.60057118E-01    2.54303526E-01
    1.00353535E+00    2.01061768E+00    2.71669839E+00    5.65382532E-01    2.52512740E-01
    1.00353535E+00    2.01061768E+00    2.73335189E+00    5.70653524E-01    2.50747651E-01
    1.00353535E+00    2.01061768E+00    2.75000539E+00    5.75883543E-01    2.49003269E-01
    1.00353535E+00    2.01061768E+00    2.76670159E+00    5.81085634E-01    2.47274822E-01
    1.00353535E+00    2.01061768E+00    2.78335509E+00    5.86233003E-01    2.45570787E-01
    1.00353535E+00    2.01061768E+00    2.80000859E+00    5.91338840E-01    2.43886365E-01
    1.00353535E+00    2.01061768E+00    2.81670479E+00    5.96415929E-01    2.42216970E-01
    1.00353535E+00    2.01061768E+00    2.83335829E+00    6.01438168E-01    2.40570805E-01
    1.00353535E+00    2.01061768E+00    2.85001180E+00    6.06418485E-01    2.38943246E-01
    1.00353535E+00    2.01061768E+00    2.86670800E+00    6.11369390E-01    2.37329874E-01
    1.00353535E+00    2.01061768E+00    2.88336150E+00    6.16265480E-01    2.35738625E-01
    1.00353535E+00    2.01061768E+00    2.90001500E+00    6.21119404E-01    2.34165037E-01
    1.00353535E+00    2.01061768E+00    2.91666850E+00    6.25931108E-01    2.32608803E-01
    1.00353535E+00    2.01061768E+00    2.93336470E+00    6.30712727E-01    2.31065699E-01
    1.00353535E+00    2.01061768E+00    2.95001820E+00    6.35439777E-01    2.29543331E-01
    1.00353535E+00    2.01061768E+00    2.96667170E+00    6.40124531E-01    2.28037451E-01
    1.00353535E+00    2.01061768E+00    2.98336791E+00    6.44778842E-01    2.26543993E-01
    1.00353535E+00    2.01061768E+00    3.00002141E+00    6.49378919E-01    2.25070330E-01
    1.00353535E+00    2.01061768E+00    3.01667491E+00    6.53936747E-01    2.23612358E-01
    1.00353535E+00    2.01061768E+00    3.03337111E+00    6.58463888E-01    2.22166139E-01
    1.00353535E+00    2.01061768E+00    3.05002461E+00    6.62937233E-01    2.20738818E-01
    1.00353535E+00    2.01061768E+00    3.06667811E+00    6.67368472E-01    2.19326431E-01
    1.00353535E+00    2.01061768E+00    3.08337431E+00    6.71768874E-01    2.17925169E-01
    1.00353535E+00    2.01061768E+00    3.10002781E+00    6.76116007E-01    2.16541961E-01
    1.00353535E+00    2.01061768E+00    3.11668131E+00    6.80421268E-01    2.15172975E-01
    1.00353535E+00    2.01061768E+00    3.13333481E+00    6.84684752E-01    2.13817988E-01
    1.00353535E+00    2.01061768E+00    3.15003102E+00    6.88917340E-01    2.12473366E-01
    1.00353535E+00    2.01061768E+00    3.16668452E+00    6.93097500E-01    2.11145778E-01
    1.00353535E+00    2.01061768E+00    3.18333802E+00    6.97236237E-01    2.09831560E-01
    1.00353535E+00    2.01061768E+00    3.20003422E+00    7.01344134E-01    2.08527186E-01
    1.00353535E+00    2.01061768E+00    3.21668772E+00    7.05400317E-01    2.07239120E-01
    1.00353535E+00    2.01061768E+00    3.23334122E+00    7.09415489E-01    2.05963811E-01
    1.00353535E+00    2.01061768E+00    3.25003742E+00    7.13399938E-01    2.04697845E-01
    1.00353535E+00    2.01061768E+00    3.26669092E+00    7.17333444E-01    2.03447510E-01
    1.00353535E+00    2.01061768E+00    3.28334443E+00    7.21226415E-01    2.02209369E-01
    1.00353535E+00    2.01061768E+00    3.30004063E+00    7.25088850E-01    2.00980115E-01
    1.00353535E+00    2.01061768E+00    3.31669413E+00    7.28901169E-01    1.99765857E-01
    1.00353535E+00    2.01061768E+00    3.33334763E+00    7.32673484E-01    1.98563263E-01
    1.00353535E+00    2.01061768E+00    3.35000113E+00    7.36405983E-01    1.97372165E-01
    1.00353535E+00    2.01061768E+00    3.36669733E+00    7.40108278E-01    1.96189387E-01
    1.00353535E+00    2.01061768E+00    3.38335083E+00    7.43761630E-01    1.95020820E-01
    1.00353535E+00    2.01061768E+00    3.40000433E+00    7.47375763E-01    1.93863266E-01
    1.00353535E+00    2.01061768E+00    3.41670054E+00    7.50960000E-01    1.92713644E-01
    1.00353535E+00    2.01061768E+00    3.43335404E+00    7.54496219E-01    1.91577677E-01
    1.00353535E+00    2.01061768E+00    3.45000754E+00    7.57993848E-01    1.90452257E-01
    1.00353535E+00    2.01061768E+00    3.46670374E+00    7.61461925E-01    1.89334389E-01
    1.00353535E+00    2.01061768E+00    3.48335724E+00    7.64882928E-01    1.88229641E-01
    1.00353535E+00    2.01061768E+00    3.50001074E+00    7.68265997E-01    1.87134996E-01
    1.00353535E+00    2.01061768E+00    3.51670694E+00    7.71619888E-01    1.86047549E-01
    1.00353535E+00    2.01061768E+00    3.53336044E+00    7.74927676E-01    1.84972729E-01
    1.00353535E+00    2.01061768E+00    3.55001394E+00    7.78198222E-01    1.83907613E-01
    1.00353535E+00    2.01061768E+00    3.56666744E+00    7.81431762E-01    1.82852071E-01
    1.00353535E+00    2.01061768E+00    3.58336365E+00    7.84636683E-01    1.81803302E-01
    1.00353535E+00    2.01061768E+00    3.60001715E+00    7.87796832E-01    1.80766544E-01
    1.00353535E+00    2.01061768E+00    3.61667065E+00    7.90920695E-01    1.79738978E-01
    1.00353535E+00    2.01061768E+00    3.63336685E+00    7.94016386E-01    1.78717880E-01
    1.00353535E+00    2.01061768E+00    3.65002035E+00    7.97068313E-01    1.77708349E-01
    1.00353535E+00    2.01061768E+00    3.66667385E+00    8.00084682E-01    1.76707636E-01
    1.00353535E+00    2.01061768E+00    3.68337005E+00    8.03073333E-01    1.75713086E-01
    1.00353535E+00    2.01061768E+00    3.70002355E+00    8.06019223E-01    1.74729672E-01
    1.00353535E+00    2.01061768E+00    3.71667705E+00    8.08930291E-01    1.73754730E-01
    1.00353535E+00    2.01061768E+00    3.73337326E+00    8.11814123E-01    1.72785696E-01
    1.00353535E+00    2.01061768E+00    3.75002676E+00    8.14656229E-01    1.71827431E-01
    1.00353535E+00    2.01061768E+00    3.76668026E+00    8.17464289E-01    1.70877348E-01
    1.00353535E+00    2.01061768E+00    3.78333376E+00    8.20238557E-01    1.69935339E-01
    1.00353535E+00    2.01061768E+00    3.80002996E+00    8.22986271E-01    1.68998907E-01
    1.00353535E+00    2.01061768E+00    3.81668346E+00    8.25693627E-01    1.68072735E-01
    1.00353535E+00    2.01061768E+00    3.83333696E+00    8.28367949E-01    1.67154317E-01
    1.00353535E+00    2.01061768E+00    3.85003316E+00    8.31016222E-01    1.66241233E-01
    1.00353535E+00    2.01061768E+00    3.86668667E+00    8.33625158E-01    1.65338061E-01
    1.00353535E+00    2.01061768E+00    3.88334017E+00    8.36201831E-01    1.64442367E-01
    1.00353535E+00    2.01061768E+00    3.90003637E+00    8.38752981E-01    1.63551790E-01
    1.00353535E+00    2.01061768E+00    3.91668987E+00    8.41265818E-01    1.62670795E-01
    1.00353535E+00    2.01061768E+00    3.93334337E+00    8.43747163E-01    1.61797007E-01
    1.00353535E+00    2.01061768E+00    3.95003957E+00    8.46203517E-01    1.60928127E-01
    1.00353535E+00    2.01061768E+00    3.96669307E+00    8.48622573E-01    1.60068514E-01
    1.00353535E+00    2.01061768E+00    3.98334657E+00    8.51010912E-01    1.59215857E-01
    1.00353535E+00    2.01061768E+00    4.00004278E+00    8.53374800E-01    1.58367922E-01
    1.00353535E+00    2.01061768E+00    4.01669628E+00    8.55702406E-01    1.57528966E-01
    1.00353535E+00    2.01061768E+00    4.03334978E+00    8.58000070E-01    1.56696728E-01
    1.00353535E+00    2.01061768E+00    4.05000328E+00    8.60268045E-01    1.55871122E-01
    1.00353535E+00    2.01061768E+00    4.06669948E+00    8.62512279E-01    1.55049968E-01
    1.00353535E+00    2.01061768E+00    4.08335298E+00    8.64721539E-01    1.54237383E-01
    1.00353535E+00    2.01061768E+00    4.10000648E+00    8.66901851E-01    1.53431178E-01
    1.00353535E+00    2.01061768E+00    4.11670268E+00    8.69058942E-01    1.52629236E-01
    1.00353535E+00    2.01061768E+00    4.13335618E+00    8.71182028E-01    1.51835585E-01
    1.00353535E+00    2.01061768E+00    4.15000968E+00    8.73276912E-01    1.51048101E-01
    1.00353535E+00    2.01061768E+00    4.16670589E+00    8.75349108E-01    1.50264724E-01
    1.00353535E+00    2.01061768E+00    4.18335939E+00    8.77388272E-01    1.49489402E-01
    1.00353535E+00    2.01061768E+00    4.20001289E+00    8.79399993E-01    1.48720060E-01
    1.00353535E+00    2.01061768E+00    4.21670909E+00    8.81389573E-01    1.47954683E-01
    1.00353535E+00    2.01061768E+00    4.23336259E+00    8.83347084E-01    1.47197118E-01
    1.00353535E+00    2.01061768E+00    4.25001609E+00    8.85277889E-01    1.46445325E-01
    1.00353535E+00    2.01061768E+00    4.26666959E+00    8.87182226E-01    1.45699232E-01
    1.00353535E+00    2.01061768E+00    4.28336579E+00    8.89065115E-01    1.44956881E-01
    1.00353535E+00    2.01061768E+00    4.30001930E+00    8.90917163E-01    1.44222003E-01
    1.00353535E+00    2.01061768E+00    4.31667280E+00    8.92743454E-01    1.43492627E-01
    1.00353535E+00    2.01061768E+00    4.33336900E+00    8.94548806E-01    1.42766844E-01
    1.00353535E+00    2.01061768E+00    4.35002250E+00    8.96324223E-01    1.42048310E-01
    1.00353535E+00    2.01061768E+00    4.36667600E+00    8.98074593E-01    1.41335114E-01
    1.00353535E+00    2.01061768E+00    4.38337220E+00    8.99804552E-01    1.40625399E-01
    1.00353535E+00    2.01061768E+00    4.40002570E+00    9.01505490E-01    1.39922747E-01
    1.00353535E+00    2.01061768E+00    4.41667920E+00    9.03182102E-01    1.39225283E-01
    1.00353535E+00    2.01061768E+00    4.43337540E+00    9.04838830E-01    1.38531186E-01
    1.00353535E+00    2.01061768E+00    4.45002891E+00    9.06467432E-01    1.37843951E-01
    1.00353535E+00    2.01061768E+00    4.46668241E+00    9.08072404E-01    1.37161736E-01
    1.00353535E+00    2.01061768E+00    4.48333591E+00    9.09653966E-01    1.36484476E-01
    1.00353535E+00    2.01061768E+00    4.50003211E+00    9.11216303E-01    1.35810393E-01
    1.00353535E+00    2.01061768E+00    4.51668561E+00    9.12751644E-01    1.35142881E-01
    1.00353535E+00    2.01061768E+00    4.53333911E+00    9.14264236E-01    1.34480164E-01
    1.00353535E+00    2.01061768E+00    4.55003531E+00    9.15758091E-01    1.33820511E-01
    1.00353535E+00    2.01061768E+00    4.56668881E+00    9.17225789E-01    1.33167251E-01
    1.00353535E+00    2.01061768E+00    4.58334231E+00    9.18671396E-01    1.32518641E-01
    1.00353535E+00    2.01061768E+00    4.60003852E+00    9.20098753E-01    1.31872989E-01
    1.00353535E+00    2.01061768E+00    4.61669202E+00    9.21500773E-01    1.31233552E-01
    1.00353535E+00    2.01061768E+00    4.63334552E+00    9.22881352E-01    1.30598630E-01
    1.00353535E+00    2.01061768E+00    4.65004172E+00    9.24244164E-01    1.29966574E-01
    1.00353535E+00    2.01061768E+00    4.66669522E+00    9.25582453E-01    1.29340571E-01
    1.00353535E+00    2.01061768E+00    4.68334872E+00    9.26899936E-01    1.28718947E-01
    1.00353535E+00    2.01061768E+00    4.70000222E+00    9.28196815E-01    1.28101647E-01
    1.00353535E+00    2.01061768E+00    4.71669842E+00    9.29476536E-01    1.27487056E-01
    1.00353535E+00    2.01061768E+00    4.73335192E+00    9.30732755E-01    1.26878275E-01
    1.00353535E+00    2.01061768E+00    4.75000543E+00    9.31968978E-01    1.26273696E-01
    1.00353535E+00    2.01061768E+00    4.76670163E+00    9.33188508E-01    1.25671756E-01
    1.00353535E+00    2.01061768E+00    4.78335513E+00    9.34385314E-01    1.25075499E-01
    1.00353535E+00    2.01061768E+00    4.80000863E+00    9.35562740E-01    1.24483335E-01
    1.00353535E+00    2.01061768E+00    4.81670483E+00    9.36723925E-01    1.23893714E-01
    1.00353535E+00    2.01061768E+00    4.83335833E+00    9.37863121E-01    1.23309607E-01
    1.00353535E+00    2.01061768E+00    4.85001183E+00    9.38983515E-01    1.22729460E-01
    1.00353535E+00    2.01061768E+00    4.86670803E+00    9.40088098E-01    1.22151762E-01
    1.00353535E+00    2.01061768E+00    4.88336154E+00    9.41171412E-01    1.21579430E-01
    1.00353535E+00    2.01061768E+00    4.90001504E+00    9.42236492E-01    1.21010943E-01
    1.00353535E+00    2.01061768E+00    4.91666854E+00    9.43283524E-01    1.20446263E-01
    1.00353535E+00    2.01061768E+00    4.93336474E+00    9.44315314E-01    1.19883928E-01
    1.00353535E+00    2.01061768E+00    4.95001824E+00    9.45326774E-01    1.19326787E-01
    1.00353535E+00    2.01061768E+00    4.96667174E+00    9.46320759E-01    1.18773373E-01
    1.00353535E+00    2.01061768E+00    4.98336794E+00    9.47299940E-01    1.18222254E-01
    1.00353535E+00    2.01061768E+00    5.00002144E+00    9.48259496E-01    1.17676214E-01
