    1.62929293E+00    2.95309471E+00    1.66962020E-02    9.99805009E-05   -2.30312596E-04
    1.62929293E+00    2.95309471E+00    3.33497028E-02    9.99607766E-05   -3.56016668E-04
    1.62929293E+00    2.95309471E+00    5.00032035E-02    9.99408898E-05   -4.27174638E-04
    1.62929293E+00    2.95309471E+00    6.66994056E-02    9.99208608E-05   -4.68973921E-04
    1.62929293E+00    2.95309471E+00    8.33529063E-02    9.99008306E-05   -4.94762610E-04
    1.62929293E+00    2.95309471E+00    1.00006407E-01    9.98807687E-05   -5.11982329E-04
    1.62929293E+00    2.95309471E+00    1.16702609E-01    9.98606348E-05   -5.24607937E-04
    1.62929293E+00    2.95309471E+00    1.33356110E-01    9.98405378E-05   -5.34710031E-04
    1.62929293E+00    2.95309471E+00    1.50009611E-01    9.98204296E-05   -5.43475709E-04
    1.62929293E+00    2.95309471E+00    1.66705813E-01    9.98002603E-05   -5.51546389E-04
    1.62929293E+00    2.95309471E+00    1.83359313E-01    9.97801339E-05   -5.59216991E-04
    1.62929293E+00    2.95309471E+00    2.00012814E-01    9.97599993E-05   -5.66689987E-04
    1.62929293E+00    2.95309471E+00    2.16709016E-01    9.97398051E-05   -5.74082063E-04
    1.62929293E+00    2.95309471E+00    2.33362517E-01    9.97196548E-05   -5.81408365E-04
    1.62929293E+00    2.95309471E+00    2.50016018E-01    9.96994968E-05   -5.88716427E-04
    1.62929293E+00    2.95309471E+00    2.66669518E-01    9.96793310E-05   -5.96021672E-04
    1.62929293E+00    2.95309471E+00    2.83365720E-01    9.96591057E-05   -6.03351191E-04
    1.62929293E+00    2.95309471E+00    3.00019221E-01    9.96389244E-05   -6.10672005E-04
    1.62929293E+00    2.95309471E+00    3.16672722E-01    9.96187353E-05   -6.18005275E-04
    1.62929293E+00    2.95309471E+00    3.33368924E-01    9.95984865E-05   -6.25371167E-04
    1.62929293E+00    2.95309471E+00    3.50022425E-01    9.95782817E-05   -6.32732702E-04
    1.62929293E+00    2.95309471E+00    3.66675925E-01    9.95580691E-05   -6.40109064E-04
    1.62929293E+00    2.95309471E+00    3.83372127E-01    9.95377967E-05   -6.47519405E-04
    1.62929293E+00    2.95309471E+00    4.00025628E-01    9.95175682E-05   -6.54925900E-04
    1.62929293E+00    2.95309471E+00    4.16679129E-01    9.94973318E-05   -6.62347506E-04
    1.62929293E+00    2.95309471E+00    4.33375331E-01    9.94770355E-05   -6.69803308E-04
    1.62929293E+00    2.95309471E+00    4.50028832E-01    9.94567831E-05   -6.77255136E-04
    1.62929293E+00    2.95309471E+00    4.66682332E-01    9.94365227E-05   -6.84721957E-04
    1.62929293E+00    2.95309471E+00    4.83335833E-01    9.94162543E-05   -6.92203628E-04
    1.62929293E+00    2.95309471E+00    5.00032035E-01    9.93959259E-05   -6.99719207E-04
    1.62929293E+00    2.95309471E+00    5.16685536E-01    9.93756415E-05   -7.07230101E-04
    1.62929293E+00    2.95309471E+00    5.33339037E-01    9.93553490E-05   -7.14755506E-04
    1.62929293E+00    2.95309471E+00    5.50035239E-01    9.93349964E-05   -7.22314974E-04
    1.62929293E+00    2.95309471E+00    5.66688739E-01    9.93146877E-05   -7.29870198E-04
    1.62929293E+00    2.95309471E+00    5.83342240E-01    9.92943709E-05   -7.37440783E-04
    1.62929293E+00    2.95309471E+00    6.00038442E-01    9.92739938E-05   -7.45046077E-04
    1.62929293E+00    2.95309471E+00    6.16691943E-01    9.92536606E-05   -7.52646298E-04
    1.62929293E+00    2.95309471E+00    6.33345444E-01    9.92333194E-05   -7.60259075E-04
    1.62929293E+00    2.95309471E+00    6.50041646E-01    9.92129181E-05   -7.67901423E-04
    1.62929293E+00    2.95309471E+00    6.66695147E-01    9.91925614E-05   -7.75531526E-04
    1.62929293E+00    2.95309471E+00    6.83348647E-01    9.91721972E-05   -7.83166897E-04
    1.62929293E+00    2.95309471E+00    7.00002148E-01    9.91518258E-05   -7.90807194E-04
    1.62929293E+00    2.95309471E+00    7.16698350E-01    9.91313948E-05   -7.98474218E-04
    1.62929293E+00    2.95309471E+00    7.33351851E-01    9.91110086E-05   -8.06133909E-04
    1.62929293E+00    2.95309471E+00    7.50005352E-01    9.90906144E-05   -8.13813878E-04
    1.62929293E+00    2.95309471E+00    7.66701554E-01    9.90701590E-05   -8.21544109E-04
    1.62929293E+00    2.95309471E+00    7.83355054E-01    9.90497461E-05   -8.29296133E-04
    1.62929293E+00    2.95309471E+00    8.00008555E-01    9.90293223E-05   -8.37099923E-04
    1.62929293E+00    2.95309471E+00    8.16704757E-01    9.90088341E-05   -8.44983246E-04
    1.62929293E+00    2.95309471E+00    8.33358258E-01    9.89883853E-05   -8.52908615E-04
    1.62929293E+00    2.95309471E+00    8.50011759E-01    9.89679232E-05   -8.60892376E-04
    1.62929293E+00    2.95309471E+00    8.66707961E-01    9.89473954E-05   -8.68943252E-04
    1.62929293E+00    2.95309471E+00    8.83361461E-01    9.89269078E-05   -8.76998586E-04
    1.62929293E+00    2.95309471E+00    9.00014962E-01    9.89064101E-05   -8.85046978E-04
    1.62929293E+00    2.95309471E+00    9.16668463E-01    9.88859053E-05   -8.93045342E-04
    1.62929293E+00    2.95309471E+00    9.33364665E-01    9.88653454E-05   -9.00959180E-04
    1.62929293E+00    2.95309471E+00    9.50018166E-01    9.88448415E-05   -9.08681771E-04
    1.62929293E+00    2.95309471E+00    9.66671666E-01    9.88243488E-05   -9.16156067E-04
    1.62929293E+00    2.95309471E+00    9.83367868E-01    9.88038237E-05   -9.23311442E-04
    1.62929293E+00    2.95309471E+00    1.00002137E+00    9.87833824E-05   -9.30012292E-04
    1.62929293E+00    2.95309471E+00    1.01667487E+00    9.87629849E-05   -9.36168770E-04
    1.62929293E+00    2.95309471E+00    1.03337107E+00    9.87425935E-05   -9.41676571E-04
    1.62929293E+00    2.95309471E+00    1.05002457E+00    9.87223287E-05   -9.46381559E-04
    1.62929293E+00    2.95309471E+00    1.06667807E+00    9.87021561E-05   -9.50165709E-04
    1.62929293E+00    2.95309471E+00    1.08337428E+00    9.86820441E-05   -9.52895242E-04
    1.62929293E+00    2.95309471E+00    1.10002778E+00    9.86621168E-05   -9.54411116E-04
    1.62929293E+00    2.95309471E+00    1.11668128E+00    9.86423454E-05   -9.54572383E-04
    1.62929293E+00    2.95309471E+00    1.13333478E+00    9.86227541E-05   -9.53226074E-04
    1.62929293E+00    2.95309471E+00    1.15003098E+00    9.86033195E-05   -9.50206232E-04
    1.62929293E+00    2.95309471E+00    1.16668448E+00    9.85841680E-05   -9.45370311E-04
    1.62929293E+00    2.95309471E+00    1.18333798E+00    9.85652782E-05   -9.38553779E-04
    1.62929293E+00    2.95309471E+00    1.20003418E+00    9.85466323E-05   -9.29571104E-04
    1.62929293E+00    2.95309471E+00    1.21668768E+00    9.85283565E-05   -9.18308935E-04
    1.62929293E+00    2.95309471E+00    1.23334118E+00    9.85104345E-05   -9.04588583E-04
    1.62929293E+00    2.95309471E+00    1.25003739E+00    9.84928544E-05   -8.88208113E-04
    1.62929293E+00    2.95309471E+00    1.26669089E+00    9.84757396E-05   -8.69096547E-04
    1.62929293E+00    2.95309471E+00    1.28334439E+00    9.84590790E-05   -8.47062572E-04
    1.62929293E+00    2.95309471E+00    1.30004059E+00    9.84428664E-05   -8.21889370E-04
    1.62929293E+00    2.95309471E+00    1.31669409E+00    9.84272200E-05   -7.93560024E-04
    1.62929293E+00    2.95309471E+00    1.33334759E+00    9.84121337E-05   -7.61870900E-04
    1.62929293E+00    2.95309471E+00    1.35000109E+00    9.83976436E-05   -7.26685016E-04
    1.62929293E+00    2.95309471E+00    1.36669729E+00    9.83837514E-05   -6.87765253E-04
    1.62929293E+00    2.95309471E+00    1.38335080E+00    9.83705649E-05   -6.45183440E-04
    1.62929293E+00    2.95309471E+00    1.40000430E+00    9.83580844E-05   -5.98720772E-04
    1.62929293E+00    2.95309471E+00    1.41670050E+00    9.83463176E-05   -5.48122654E-04
    1.62929293E+00    2.95309471E+00    1.43335400E+00    9.83353617E-05   -4.93534991E-04
    1.62929293E+00    2.95309471E+00    1.45000750E+00    9.83252222E-05   -4.34727698E-04
    1.62929293E+00    2.95309471E+00    1.46670370E+00    9.83159129E-05   -3.71430588E-04
    1.62929293E+00    2.95309471E+00    1.48335720E+00    9.83075181E-05   -3.03868669E-04
    1.62929293E+00    2.95309471E+00    1.50001070E+00    9.83000488E-05   -2.31795734E-04
    1.62929293E+00    2.95309471E+00    1.51670691E+00    9.82935256E-05   -1.54923848E-04
    1.62929293E+00    2.95309471E+00    1.53336041E+00    9.82880173E-05   -7.35637854E-05
    1.62929293E+00    2.95309471E+00    1.55001391E+00    9.82835411E-05    1.25479177E-05
    1.62929293E+00    2.95309471E+00    1.56666741E+00    9.82801316E-05    1.03477831E-04
    1.62929293E+00    2.95309471E+00    1.58336361E+00    9.82778186E-05    1.99545442E-04
    1.62929293E+00    2.95309471E+00    1.60001711E+00    9.82766480E-05    3.00322169E-04
    1.62929293E+00    2.95309471E+00    1.61667061E+00    9.82766456E-05    4.06096523E-04
    1.62929293E+00    2.95309471E+00    1.63336681E+00    9.82778484E-05    5.17200862E-04
    1.62929293E+00    2.95309471E+00    1.65002031E+00    9.82802826E-05    6.33117151E-04
    1.62929293E+00    2.95309471E+00    1.66667381E+00    9.82839818E-05    7.54167636E-04
    1.62929293E+00    2.95309471E+00    1.68337002E+00    9.82889912E-05    8.80706470E-04
    1.62929293E+00    2.95309471E+00    1.70002352E+00    9.82953154E-05    1.01211537E-03
    1.62929293E+00    2.95309471E+00    1.71667702E+00    9.83029960E-05    1.14874972E-03
    1.62929293E+00    2.95309471E+00    1.73337322E+00    9.83120870E-05    1.29098898E-03
    1.62929293E+00    2.95309471E+00    1.75002672E+00    9.83225694E-05    1.43810569E-03
    1.62929293E+00    2.95309471E+00    1.76668022E+00    9.83344932E-05    1.59049475E-03
    1.62929293E+00    2.95309471E+00    1.78333372E+00    9.83478876E-05    1.74819044E-03
    1.62929293E+00    2.95309471E+00    1.80002992E+00    9.83628182E-05    1.91159098E-03
    1.62929293E+00    2.95309471E+00    1.81668342E+00    9.83792328E-05    2.07984124E-03
    1.62929293E+00    2.95309471E+00    1.83333693E+00    9.83971932E-05    2.25336112E-03
    1.62929293E+00    2.95309471E+00    1.85003313E+00    9.84167804E-05    2.43266266E-03
    1.62929293E+00    2.95309471E+00    1.86668663E+00    9.84379194E-05    2.61677429E-03
    1.62929293E+00    2.95309471E+00    1.88334013E+00    9.84606793E-05    2.80608062E-03
    1.62929293E+00    2.95309471E+00    1.90003633E+00    9.84851472E-05    3.00111579E-03
    1.62929293E+00    2.95309471E+00    1.91668983E+00    9.85112218E-05    3.20089814E-03
    1.62929293E+00    2.95309471E+00    1.93334333E+00    9.85389837E-05    3.40589840E-03
    1.62929293E+00    2.95309471E+00    1.95003953E+00    9.85685308E-05    3.61664674E-03
    1.62929293E+00    2.95309471E+00    1.96669304E+00    9.85997356E-05    3.83204264E-03
    1.62929293E+00    2.95309471E+00    1.98334654E+00    9.86326952E-05    4.05257882E-03
    1.62929293E+00    2.95309471E+00    2.00004274E+00    9.86675199E-05    4.27879359E-03
    1.62929293E+00    2.95309471E+00    2.01669624E+00    9.87040497E-05    4.50953250E-03
    1.62929293E+00    2.95309471E+00    2.03334974E+00    9.87423908E-05    4.74537223E-03
    1.62929293E+00    2.95309471E+00    2.05000324E+00    9.87825605E-05    4.98623078E-03
    1.62929293E+00    2.95309471E+00    2.06669944E+00    9.88246874E-05    5.23269223E-03
    1.62929293E+00    2.95309471E+00    2.08335294E+00    9.88685773E-05    5.48351021E-03
    1.62929293E+00    2.95309471E+00    2.10000644E+00    9.89143548E-05    5.73929929E-03
    1.62929293E+00    2.95309471E+00    2.11670265E+00    9.89621590E-05    6.00065816E-03
    1.62929293E+00    2.95309471E+00    2.13335615E+00    9.90117623E-05    6.26623336E-03
    1.62929293E+00    2.95309471E+00    2.15000965E+00    9.90633041E-05    6.53668176E-03
    1.62929293E+00    2.95309471E+00    2.16670585E+00    9.91169367E-05    6.81257730E-03
    1.62929293E+00    2.95309471E+00    2.18335935E+00    9.91724003E-05    7.09247456E-03
    1.62929293E+00    2.95309471E+00    2.20001285E+00    9.92298513E-05    7.37715249E-03
    1.62929293E+00    2.95309471E+00    2.21670905E+00    9.92894650E-05    7.66736851E-03
    1.62929293E+00    2.95309471E+00    2.23336255E+00    9.93509477E-05    7.96149561E-03
    1.62929293E+00    2.95309471E+00    2.25001605E+00    9.94144621E-05    8.26021093E-03
    1.62929293E+00    2.95309471E+00    2.26666956E+00    9.94800274E-05    8.56354782E-03
    1.62929293E+00    2.95309471E+00    2.28336576E+00    9.95478317E-05    8.87216562E-03
    1.62929293E+00    2.95309471E+00    2.30001926E+00    9.96175351E-05    9.18433612E-03
    1.62929293E+00    2.95309471E+00    2.31667276E+00    9.96893340E-05    9.50105058E-03
    1.62929293E+00    2.95309471E+00    2.33336896E+00    9.97634479E-05    9.82325320E-03
    1.62929293E+00    2.95309471E+00    2.35002246E+00    9.98395108E-05    1.01491440E-02
    1.62929293E+00    2.95309471E+00    2.36667596E+00    9.99177116E-05    1.04792915E-02
    1.62929293E+00    2.95309471E+00    2.38337216E+00    9.99982742E-05    1.08145982E-02
    1.62929293E+00    2.95309471E+00    2.40002567E+00    1.00080804E-04    1.11533328E-02
    1.62929293E+00    2.95309471E+00    2.41667917E+00    1.00165506E-04    1.14960591E-02
    1.62929293E+00    2.95309471E+00    2.43337537E+00    1.00252614E-04    1.18436539E-02
    1.62929293E+00    2.95309471E+00    2.45002887E+00    1.00341733E-04    1.21949001E-02
    1.62929293E+00    2.95309471E+00    2.46668237E+00    1.00433113E-04    1.25507246E-02
    1.62929293E+00    2.95309471E+00    2.48333587E+00    1.00526755E-04    1.29107265E-02
    1.62929293E+00    2.95309471E+00    2.50003207E+00    1.00622898E-04    1.32754729E-02
    1.62929293E+00    2.95309471E+00    2.51668557E+00    1.00721070E-04    1.36432762E-02
    1.62929293E+00    2.95309471E+00    2.53333907E+00    1.00821529E-04    1.40150122E-02
    1.62929293E+00    2.95309471E+00    2.55003528E+00    1.00924532E-04    1.43911654E-02
    1.62929293E+00    2.95309471E+00    2.56668878E+00    1.01029545E-04    1.47695908E-02
    1.62929293E+00    2.95309471E+00    2.58334228E+00    1.01136900E-04    1.51524278E-02
    1.62929293E+00    2.95309471E+00    2.60003848E+00    1.01246932E-04    1.55408930E-02
    1.62929293E+00    2.95309471E+00    2.61669198E+00    1.01359075E-04    1.59322456E-02
    1.62929293E+00    2.95309471E+00    2.63334548E+00    1.01473581E-04    1.63267643E-02
    1.62929293E+00    2.95309471E+00    2.65004168E+00    1.01590764E-04    1.67257064E-02
    1.62929293E+00    2.95309471E+00    2.66669518E+00    1.01710056E-04    1.71273263E-02
    1.62929293E+00    2.95309471E+00    2.68334868E+00    1.01831742E-04    1.75320786E-02
    1.62929293E+00    2.95309471E+00    2.70000219E+00    1.01955796E-04    1.79392549E-02
    1.62929293E+00    2.95309471E+00    2.71669839E+00    1.02082544E-04    1.83499493E-02
    1.62929293E+00    2.95309471E+00    2.73335189E+00    1.02211427E-04    1.87639554E-02
    1.62929293E+00    2.95309471E+00    2.75000539E+00    1.02342744E-04    1.91814979E-02
    1.62929293E+00    2.95309471E+00    2.76670159E+00    1.02476789E-04    1.96026137E-02
    1.62929293E+00    2.95309471E+00    2.78335509E+00    1.02612869E-04    2.00247671E-02
    1.62929293E+00    2.95309471E+00    2.80000859E+00    1.02751382E-04    2.04496090E-02
    1.62929293E+00    2.95309471E+00    2.81670479E+00    1.02892735E-04    2.08779521E-02
    1.62929293E+00    2.95309471E+00    2.83335829E+00    1.03036195E-04    2.13067792E-02
    1.62929293E+00    2.95309471E+00    2.85001180E+00    1.03182102E-04    2.17371358E-02
    1.62929293E+00    2.95309471E+00    2.86670800E+00    1.03330830E-04    2.21703477E-02
    1.62929293E+00    2.95309471E+00    2.88336150E+00    1.03481640E-04    2.26051159E-02
    1.62929293E+00    2.95309471E+00    2.90001500E+00    1.03634718E-04    2.30397053E-02
    1.62929293E+00    2.95309471E+00    2.91666850E+00    1.03789893E-04    2.34725208E-02
    1.62929293E+00    2.95309471E+00    2.93336470E+00    1.03947556E-04    2.39049479E-02
    1.62929293E+00    2.95309471E+00    2.95001820E+00    1.04107000E-04    2.43355863E-02
    1.62929293E+00    2.95309471E+00    2.96667170E+00    1.04268665E-04    2.47651213E-02
    1.62929293E+00    2.95309471E+00    2.98336791E+00    1.04432942E-04    2.51945663E-02
    1.62929293E+00    2.95309471E+00    3.00002141E+00    1.04599024E-04    2.56227598E-02
    1.62929293E+00    2.95309471E+00    3.01667491E+00    1.04767475E-04    2.60514922E-02
    1.62929293E+00    2.95309471E+00    3.03337111E+00    1.04938887E-04    2.64825451E-02
    1.62929293E+00    2.95309471E+00    3.05002461E+00    1.05112217E-04    2.69076530E-02
    1.62929293E+00    2.95309471E+00    3.06667811E+00    1.05287442E-04    2.73196306E-02
    1.62929293E+00    2.95309471E+00    3.08337431E+00    1.05464753E-04    2.77199455E-02
    1.62929293E+00    2.95309471E+00    3.10002781E+00    1.05642981E-04    2.81105453E-02
    1.62929293E+00    2.95309471E+00    3.11668131E+00    1.05822364E-04    2.84967454E-02
    1.62929293E+00    2.95309471E+00    3.13333481E+00    1.06002678E-04    2.88789509E-02
    1.62929293E+00    2.95309471E+00    3.15003102E+00    1.06184381E-04    2.92578449E-02
    1.62929293E+00    2.95309471E+00    3.16668452E+00    1.06366647E-04    2.96331982E-02
    1.62929293E+00    2.95309471E+00    3.18333802E+00    1.06549995E-04    3.00102468E-02
    1.62929293E+00    2.95309471E+00    3.20003422E+00    1.06734964E-04    3.03941242E-02
    1.62929293E+00    2.95309471E+00    3.21668772E+00    1.06920807E-04    3.07881136E-02
    1.62929293E+00    2.95309471E+00    3.23334122E+00    1.07108628E-04    3.12055224E-02
    1.62929293E+00    2.95309471E+00    3.25003742E+00    1.07299696E-04    3.16529135E-02
    1.62929293E+00    2.95309471E+00    3.26669092E+00    1.07493790E-04    3.21237585E-02
    1.62929293E+00    2.95309471E+00    3.28334443E+00    1.07691957E-04    3.26116275E-02
    1.62929293E+00    2.95309471E+00    3.30004063E+00    1.07895002E-04    3.31156433E-02
    1.62929293E+00    2.95309471E+00    3.31669413E+00    1.08101987E-04    3.36360448E-02
    1.62929293E+00    2.95309471E+00    3.33334763E+00    1.08313528E-04    3.41718700E-02
    1.62929293E+00    2.95309471E+00    3.35000113E+00    1.08529875E-04    3.47142487E-02
    1.62929293E+00    2.95309471E+00    3.36669733E+00    1.08751990E-04    3.52524513E-02
    1.62929293E+00    2.95309471E+00    3.38335083E+00    1.08979087E-04    3.57716100E-02
    1.62929293E+00    2.95309471E+00    3.40000433E+00    1.09211992E-04    3.62613741E-02
    1.62929293E+00    2.95309471E+00    3.41670054E+00    1.09451150E-04    3.67176023E-02
    1.62929293E+00    2.95309471E+00    3.43335404E+00    1.09694036E-04    3.71537114E-02
    1.62929293E+00    2.95309471E+00    3.45000754E+00    1.09939892E-04    3.75845843E-02
    1.62929293E+00    2.95309471E+00    3.46670374E+00    1.10188610E-04    3.80143653E-02
    1.62929293E+00    2.95309471E+00    3.48335724E+00    1.10438625E-04    3.84385476E-02
    1.62929293E+00    2.95309471E+00    3.50001074E+00    1.10690383E-04    3.88570297E-02
    1.62929293E+00    2.95309471E+00    3.51670694E+00    1.10944172E-04    3.92752474E-02
    1.62929293E+00    2.95309471E+00    3.53336044E+00    1.11198321E-04    3.96970086E-02
    1.62929293E+00    2.95309471E+00    3.55001394E+00    1.11453252E-04    4.01283630E-02
    1.62929293E+00    2.95309471E+00    3.56666744E+00    1.11708948E-04    4.05725554E-02
    1.62929293E+00    2.95309471E+00    3.58336365E+00    1.11966178E-04    4.10331043E-02
    1.62929293E+00    2.95309471E+00    3.60001715E+00    1.12224034E-04    4.15050290E-02
    1.62929293E+00    2.95309471E+00    3.61667065E+00    1.12484200E-04    4.19743723E-02
    1.62929293E+00    2.95309471E+00    3.63336685E+00    1.12747953E-04    4.24367328E-02
    1.62929293E+00    2.95309471E+00    3.65002035E+00    1.13013893E-04    4.28949302E-02
    1.62929293E+00    2.95309471E+00    3.66667385E+00    1.13282635E-04    4.33530599E-02
    1.62929293E+00    2.95309471E+00    3.68337005E+00    1.13555027E-04    4.38110420E-02
    1.62929293E+00    2.95309471E+00    3.70002355E+00    1.13829877E-04    4.42647541E-02
    1.62929293E+00    2.95309471E+00    3.71667705E+00    1.14107880E-04    4.47162495E-02
    1.62929293E+00    2.95309471E+00    3.73337326E+00    1.14389581E-04    4.51689586E-02
    1.62929293E+00    2.95309471E+00    3.75002676E+00    1.14673289E-04    4.56229262E-02
    1.62929293E+00    2.95309471E+00    3.76668026E+00    1.14959504E-04    4.60809898E-02
    1.62929293E+00    2.95309471E+00    3.78333376E+00    1.15248019E-04    4.65450051E-02
    1.62929293E+00    2.95309471E+00    3.80002996E+00    1.15539451E-04    4.70174309E-02
    1.62929293E+00    2.95309471E+00    3.81668346E+00    1.15832534E-04    4.74920942E-02
    1.62929293E+00    2.95309471E+00    3.83333696E+00    1.16128459E-04    4.79648732E-02
    1.62929293E+00    2.95309471E+00    3.85003316E+00    1.16428126E-04    4.84371995E-02
    1.62929293E+00    2.95309471E+00    3.86668667E+00    1.16729972E-04    4.89081341E-02
    1.62929293E+00    2.95309471E+00    3.88334017E+00    1.17034757E-04    4.93789700E-02
    1.62929293E+00    2.95309471E+00    3.90003637E+00    1.17343429E-04    4.98486480E-02
    1.62929293E+00    2.95309471E+00    3.91668987E+00    1.17654560E-04    5.03132675E-02
    1.62929293E+00    2.95309471E+00    3.93334337E+00    1.17968959E-04    5.07743583E-02
    1.62929293E+00    2.95309471E+00    3.95003957E+00    1.18287362E-04    5.12344348E-02
    1.62929293E+00    2.95309471E+00    3.96669307E+00    1.18608049E-04    5.16920550E-02
    1.62929293E+00    2.95309471E+00    3.98334657E+00    1.18931727E-04    5.21494554E-02
    1.62929293E+00    2.95309471E+00    4.00004278E+00    1.19259093E-04    5.26094863E-02
    1.62929293E+00    2.95309471E+00    4.01669628E+00    1.19588346E-04    5.30712451E-02
    1.62929293E+00    2.95309471E+00    4.03334978E+00    1.19920472E-04    5.35331334E-02
    1.62929293E+00    2.95309471E+00    4.05000328E+00    1.20255636E-04    5.39935033E-02
    1.62929293E+00    2.95309471E+00    4.06669948E+00    1.20594760E-04    5.44536637E-02
    1.62929293E+00    2.95309471E+00    4.08335298E+00    1.20936079E-04    5.49122058E-02
    1.62929293E+00    2.95309471E+00    4.10000648E+00    1.21280466E-04    5.53701436E-02
    1.62929293E+00    2.95309471E+00    4.11670268E+00    1.21628919E-04    5.58272926E-02
    1.62929293E+00    2.95309471E+00    4.13335618E+00    1.21979765E-04    5.62803110E-02
    1.62929293E+00    2.95309471E+00    4.15000968E+00    1.22333920E-04    5.67305774E-02
    1.62929293E+00    2.95309471E+00    4.16670589E+00    1.22692278E-04    5.71798427E-02
    1.62929293E+00    2.95309471E+00    4.18335939E+00    1.23052983E-04    5.76261972E-02
    1.62929293E+00    2.95309471E+00    4.20001289E+00    1.23416912E-04    5.80713076E-02
    1.62929293E+00    2.95309471E+00    4.21670909E+00    1.23784919E-04    5.85176004E-02
    1.62929293E+00    2.95309471E+00    4.23336259E+00    1.24155068E-04    5.89630740E-02
    1.62929293E+00    2.95309471E+00    4.25001609E+00    1.24528359E-04    5.94077130E-02
    1.62929293E+00    2.95309471E+00    4.26666959E+00    1.24904867E-04    5.98507431E-02
    1.62929293E+00    2.95309471E+00    4.28336579E+00    1.25285599E-04    6.02932779E-02
    1.62929293E+00    2.95309471E+00    4.30001930E+00    1.25668591E-04    6.07335736E-02
    1.62929293E+00    2.95309471E+00    4.31667280E+00    1.26054809E-04    6.11727946E-02
    1.62929293E+00    2.95309471E+00    4.33336900E+00    1.26445311E-04    6.16113579E-02
    1.62929293E+00    2.95309471E+00    4.35002250E+00    1.26838168E-04    6.20463745E-02
    1.62929293E+00    2.95309471E+00    4.36667600E+00    1.27234401E-04    6.24789782E-02
    1.62929293E+00    2.95309471E+00    4.38337220E+00    1.27635035E-04    6.29105477E-02
    1.62929293E+00    2.95309471E+00    4.40002570E+00    1.28038016E-04    6.33390766E-02
    1.62929293E+00    2.95309471E+00    4.41667920E+00    1.28444356E-04    6.37658681E-02
    1.62929293E+00    2.95309471E+00    4.43337540E+00    1.28855074E-04    6.41925936E-02
    1.62929293E+00    2.95309471E+00    4.45002891E+00    1.29268050E-04    6.46171880E-02
    1.62929293E+00    2.95309471E+00    4.46668241E+00    1.29684357E-04    6.50403083E-02
    1.62929293E+00    2.95309471E+00    4.48333591E+00    1.30104036E-04    6.54615581E-02
    1.62929293E+00    2.95309471E+00    4.50003211E+00    1.30528200E-04    6.58819148E-02
    1.62929293E+00    2.95309471E+00    4.51668561E+00    1.30954678E-04    6.62994733E-02
    1.62929293E+00    2.95309471E+00    4.53333911E+00    1.31384548E-04    6.67154389E-02
    1.62929293E+00    2.95309471E+00    4.55003531E+00    1.31818950E-04    6.71305809E-02
    1.62929293E+00    2.95309471E+00    4.56668881E+00    1.32255702E-04    6.75424216E-02
    1.62929293E+00    2.95309471E+00    4.58334231E+00    1.32695934E-04    6.79519366E-02
    1.62929293E+00    2.95309471E+00    4.60003852E+00    1.33140796E-04    6.83602733E-02
    1.62929293E+00    2.95309471E+00    4.61669202E+00    1.33588015E-04    6.87654440E-02
    1.62929293E+00    2.95309471E+00    4.63334552E+00    1.34038727E-04    6.91685658E-02
    1.62929293E+00    2.95309471E+00    4.65004172E+00    1.34494093E-04    6.95708896E-02
    1.62929293E+00    2.95309471E+00    4.66669522E+00    1.34951782E-04    6.99704173E-02
    1.62929293E+00    2.95309471E+00    4.68334872E+00    1.35412969E-04    7.03680200E-02
    1.62929293E+00    2.95309471E+00    4.70000222E+00    1.35877677E-04    7.07635017E-02
    1.62929293E+00    2.95309471E+00    4.71669842E+00    1.36347132E-04    7.11577689E-02
    1.62929293E+00    2.95309471E+00    4.73335192E+00    1.36818940E-04    7.15488912E-02
    1.62929293E+00    2.95309471E+00    4.75000543E+00    1.37294300E-04    7.19379726E-02
    1.62929293E+00    2.95309471E+00    4.76670163E+00    1.37774457E-04    7.23259223E-02
    1.62929293E+00    2.95309471E+00    4.78335513E+00    1.38256976E-04    7.27105997E-02
    1.62929293E+00    2.95309471E+00    4.80000863E+00    1.38743100E-04    7.30929127E-02
    1.62929293E+00    2.95309471E+00    4.81670483E+00    1.39234101E-04    7.34738498E-02
    1.62929293E+00    2.95309471E+00    4.83335833E+00    1.39727474E-04    7.38515004E-02
    1.62929293E+00    2.95309471E+00    4.85001183E+00    1.40224479E-04    7.42268833E-02
    1.62929293E+00    2.95309471E+00    4.86670803E+00    1.40726405E-04    7.46010265E-02
    1.62929293E+00    2.95309471E+00    4.88336154E+00    1.41230692E-04    7.49720231E-02
    1.62929293E+00    2.95309471E+00    4.90001504E+00    1.41738632E-04    7.53407635E-02
    1.62929293E+00    2.95309471E+00    4.91666854E+00    1.42250240E-04    7.57071568E-02
    1.62929293E+00    2.95309471E+00    4.93336474E+00    1.42766859E-04    7.60720719E-02
    1.62929293E+00    2.95309471E+00    4.95001824E+00    1.43285855E-04    7.64336601E-02
    1.62929293E+00    2.95309471E+00    4.96667174E+00    1.43808552E-04    7.67928921E-02
    1.62929293E+00    2.95309471E+00    4.98336794E+00    1.44336316E-04    7.71506693E-02
    1.62929293E+00    2.95309471E+00    5.00002144E+00    1.44866458E-04    7.75051118E-02
