   -3.14159012E+00    5.00002144E+00    3.11026180E-03    0.00000000E+00    7.50000000E+02
   -3.07875832E+00    5.00002144E+00    2.21097946E-03    0.00000000E+00    7.50000000E+02
   -3.01592651E+00    5.00002144E+00    1.60351620E-03    0.00000000E+00    7.50000000E+02
   -2.95309471E+00    5.00002144E+00    1.19568760E-03    0.00000000E+00    7.50000000E+02
   -2.89026291E+00    5.00002144E+00    9.23476685E-04    0.00000000E+00    7.50000000E+02
   -2.82743111E+00    5.00002144E+00    7.42792913E-04    0.00000000E+00    7.50000000E+02
   -2.76459930E+00    5.00002144E+00    6.23623276E-04    0.00000000E+00    7.50000000E+02
   -2.70176750E+00    5.00002144E+00    5.45790631E-04    0.00000000E+00    7.50000000E+02
   -2.63893570E+00    5.00002144E+00    4.95925541E-04    0.00000000E+00    7.50000000E+02
   -2.57610390E+00    5.00002144E+00    4.65273222E-04    0.00000000E+00    7.50000000E+02
   -2.51327209E+00    5.00002144E+00    4.48035964E-04    0.00000000E+00    7.50000000E+02
   -2.45044029E+00    5.00002144E+00    4.40086875E-04    0.00000000E+00    7.50000000E+02
   -2.38760849E+00    5.00002144E+00    4.38109342E-04    0.00000000E+00    7.50000000E+02
   -2.32477669E+00    5.00002144E+00    4.38907486E-04    0.00000000E+00    7.50000000E+02
   -2.26194489E+00    5.00002144E+00    4.45192676E-04    0.00000000E+00    7.50000000E+02
   -2.19911308E+00    5.00002144E+00    4.60973585E-04    0.00000000E+00    7.50000000E+02
   -2.13628128E+00    5.00002144E+00    4.89418304E-04    0.00000000E+00    7.50000000E+02
   -2.07344948E+00    5.00002144E+00    5.35196014E-04    0.00000000E+00    7.50000000E+02
   -2.01061768E+00    5.00002144E+00    6.05753400E-04    0.00000000E+00    7.50000000E+02
   -1.94778587E+00    5.00002144E+00    7.12388839E-04    0.00000000E+00    7.50000000E+02
   -1.88495407E+00    5.00002144E+00    8.72104474E-04    0.00000000E+00    7.50000000E+02
   -1.82212227E+00    5.00002144E+00    1.10991734E-03    0.00000000E+00    7.50000000E+02
   -1.75929047E+00    5.00002144E+00    1.46216324E-03    0.00000000E+00    7.50000000E+02
   -1.69645866E+00    5.00002144E+00    1.98109672E-03    0.00000000E+00    7.50000000E+02
   -1.63362686E+00    5.00002144E+00    2.74123370E-03    0.00000000E+00    7.50000000E+02
   -1.57079506E+00    5.00002144E+00    3.84796740E-03    0.00000000E+00    7.50000000E+02
   -1.50796326E+00    5.00002144E+00    5.44909143E-03    0.00000000E+00    7.50000000E+02
   -1.44513145E+00    5.00002144E+00    7.74996437E-03    0.00000000E+00    7.50000000E+02
   -1.38229965E+00    5.00002144E+00    1.10331270E-02    2.04777154E-01    4.61383103E+00
   -1.31946785E+00    5.00002144E+00    1.56832093E-02    2.52222643E-01    3.58904292E+00
   -1.25663605E+00    5.00002144E+00    2.22179077E-02    2.99991642E-01    2.91598528E+00
   -1.19380424E+00    5.00002144E+00    3.13256263E-02    3.48059678E-01    2.44494742E+00
   -1.13097244E+00    5.00002144E+00    4.39100132E-02    3.96327453E-01    2.10107398E+00
   -1.06814064E+00    5.00002144E+00    6.11410224E-02    4.44751988E-01    1.84226149E+00
   -1.00530884E+00    5.00002144E+00    8.45112504E-02    4.93739280E-01    1.64284650E+00
   -9.42477036E-01    5.00002144E+00    1.15895102E-01    5.38828558E-01    1.48737112E+00
   -8.79645233E-01    5.00002144E+00    1.57606828E-01    5.83670215E-01    1.36208556E+00
   -8.16813431E-01    5.00002144E+00    2.12451706E-01    6.28138366E-01    1.26032840E+00
   -7.53981628E-01    5.00002144E+00    2.83762758E-01    6.70868290E-01    1.17689009E+00
   -6.91149826E-01    5.00002144E+00    3.75413552E-01    7.11803004E-01    1.10762860E+00
   -6.28318024E-01    5.00002144E+00    4.91796308E-01    7.50861794E-01    1.04959756E+00
   -5.65486221E-01    5.00002144E+00    6.37753826E-01    7.88013429E-01    1.00053378E+00
   -5.02654419E-01    5.00002144E+00    8.18454599E-01    8.23228347E-01    9.58729228E-01
   -4.39822617E-01    5.00002144E+00    1.03920266E+00    8.56419306E-01    9.22945552E-01
   -3.76990814E-01    4.88801598E+00    1.30574652E+00    8.87652488E-01    8.92072523E-01
   -3.14159012E-01    4.75487337E+00    1.62468273E+00    9.16853766E-01    8.65384221E-01
   -2.51327209E-01    4.63911019E+00    2.00086843E+00    9.44129483E-01    8.42154722E-01
   -1.88495407E-01    4.53833516E+00    2.43784152E+00    9.69411759E-01    8.21957015E-01
   -1.25663605E-01    4.45058402E+00    2.93734553E+00    9.92800170E-01    8.04321385E-01
   -6.28318024E-02    4.37406332E+00    3.49879361E+00    1.01434576E+00    7.88906221E-01
   -2.19269047E-15    4.30715041E+00    4.11876595E+00    1.03406829E+00    7.75455317E-01
    6.28318024E-02    4.24873505E+00    4.79057373E+00    1.05205194E+00    7.63712464E-01
    1.25663605E-01    4.19868915E+00    5.50391352E+00    1.06831163E+00    7.53506857E-01
    1.88495407E-01    4.15854994E+00    6.24458531E+00    1.08290059E+00    7.44667691E-01
    2.51327209E-01    4.12929956E+00    6.99491057E+00    1.09583895E+00    7.37066863E-01
    3.14159012E-01    4.10402040E+00    7.73452856E+00    1.10724359E+00    7.30533566E-01
    3.76990814E-01    4.07515433E+00    8.43998777E+00    1.11697719E+00    7.25067802E-01
    4.39822617E-01    4.03245305E+00    9.08204810E+00    1.12513413E+00    7.20541466E-01
    5.02654419E-01    4.04803902E+00    9.62866322E+00    1.13162044E+00    7.16954558E-01
    5.65486221E-01    3.99192953E+00    1.00635533E+01    1.13621842E+00    7.14392481E-01
    6.28318024E-01    3.99282626E+00    1.03679090E+01    1.13896821E+00    7.12812533E-01
    6.91149826E-01    3.99752340E+00    1.05322524E+01    1.14017210E+00    7.12043910E-01
    7.53981628E-01    3.99880444E+00    1.05790013E+01    1.14038582E+00    7.11830404E-01
    8.16813431E-01    4.00350158E+00    1.05665012E+01    1.14065467E+00    7.11830404E-01
    8.79645233E-01    4.01874594E+00    1.04594519E+01    1.13874199E+00    7.12513624E-01
    9.42477036E-01    4.04402510E+00    1.02096955E+01    1.13386218E+00    7.14349779E-01
    1.00530884E+00    4.07886935E+00    9.81469291E+00    1.12728881E+00    7.17296168E-01
    1.06814064E+00    4.12204034E+00    9.29430081E+00    1.11964201E+00    7.21053881E-01
    1.13097244E+00    4.16999389E+00    8.67589835E+00    1.11050915E+00    7.25622918E-01
    1.19380424E+00    4.22409641E+00    7.98948729E+00    1.09965449E+00    7.31088683E-01
    1.25663605E+00    4.28404901E+00    7.26293941E+00    1.08710386E+00    7.37536577E-01
    1.31946785E+00    4.35113273E+00    6.52095377E+00    1.07282467E+00    7.45094704E-01
    1.38229965E+00    4.42739723E+00    5.78470773E+00    1.05682578E+00    7.53848467E-01
    1.44513145E+00    4.51391003E+00    5.07184921E+00    1.03899896E+00    7.63968671E-01
    1.50796326E+00    4.61353212E+00    4.39645366E+00    1.01940998E+00    7.75540719E-01
    1.57079506E+00    4.72848398E+00    3.76908950E+00    9.97976777E-01    7.88778117E-01
    1.63362686E+00    4.86188279E+00    3.19693624E+00    9.74618389E-01    8.03937073E-01
    1.69645866E+00    5.00002144E+00    2.68402218E+00    9.49325481E-01    8.21273794E-01
    1.75929047E+00    5.00002144E+00    2.22915369E+00    9.22109910E-01    8.41087190E-01
    1.82212227E+00    5.00002144E+00    1.83053523E+00    8.92919102E-01    8.63804273E-01
    1.88495407E+00    5.00002144E+00    1.48645823E+00    8.61679696E-01    8.89980160E-01
    1.94778587E+00    5.00002144E+00    1.19376195E+00    8.28417185E-01    9.20212669E-01
    2.01061768E+00    5.00002144E+00    9.48259496E-01    7.93048614E-01    9.55355826E-01
    2.07344948E+00    5.00002144E+00    7.45133613E-01    7.55500654E-01    9.96477163E-01
    2.13628128E+00    5.00002144E+00    5.79282103E-01    7.15655616E-01    1.04507122E+00
    2.19911308E+00    5.00002144E+00    4.45600389E-01    6.73548256E-01    1.10301687E+00
    2.26194489E+00    5.00002144E+00    3.39196848E-01    6.29243313E-01    1.17291887E+00
    2.32477669E+00    5.00002144E+00    2.55543207E-01    5.82956613E-01    1.25815063E+00
    2.38760849E+00    5.00002144E+00    1.90567078E-01    5.35012429E-01    1.36328119E+00
    2.45044029E+00    5.00002144E+00    1.40696421E-01    4.85919538E-01    1.49424603E+00
    2.51327209E+00    5.00002144E+00    1.02866706E-01    4.36304935E-01    1.65898758E+00
    2.57610390E+00    5.00002144E+00    7.45011116E-02    3.86987836E-01    1.86788226E+00
    2.63893570E+00    5.00002144E+00    5.34728640E-02    3.38728102E-01    2.13489339E+00
    2.70176750E+00    5.00002144E+00    3.80571787E-02    2.92388430E-01    2.47876683E+00
    2.76459930E+00    5.00002144E+00    2.68785673E-02    2.48694679E-01    2.92469634E+00
    2.82743111E+00    5.00002144E+00    1.88577330E-02    2.08328438E-01    3.50667214E+00
    2.89026291E+00    5.00002144E+00    1.31609974E-02    1.71800385E-01    4.26935977E+00
    2.95309471E+00    5.00002144E+00    9.15415843E-03    0.00000000E+00    7.50000000E+02
    3.01592651E+00    5.00002144E+00    6.36188007E-03    0.00000000E+00    7.50000000E+02
    3.07875832E+00    5.00002144E+00    4.43247132E-03    0.00000000E+00    7.50000000E+02
