    1.00353535E+00   -3.14159012E+00    3.11026180E-03
    1.00353535E+00   -3.07875832E+00    2.21097946E-03
    1.00353535E+00   -3.01592651E+00    1.60351620E-03
    1.00353535E+00   -2.95309471E+00    1.19568760E-03
    1.00353535E+00   -2.89026291E+00    9.23476685E-04
    1.00353535E+00   -2.82743111E+00    7.42792913E-04
    1.00353535E+00   -2.76459930E+00    6.23623276E-04
    1.00353535E+00   -2.70176750E+00    5.45790631E-04
    1.00353535E+00   -2.63893570E+00    4.95925541E-04
    1.00353535E+00   -2.57610390E+00    4.65273222E-04
    1.00353535E+00   -2.51327209E+00    4.48035964E-04
    1.00353535E+00   -2.45044029E+00    4.40086875E-04
    1.00353535E+00   -2.38760849E+00    4.38109342E-04
    1.00353535E+00   -2.32477669E+00    4.38907486E-04
    1.00353535E+00   -2.26194489E+00    4.45192676E-04
    1.00353535E+00   -2.19911308E+00    4.60973585E-04
    1.00353535E+00   -2.13628128E+00    4.89418304E-04
    1.00353535E+00   -2.07344948E+00    5.35196014E-04
    1.00353535E+00   -2.01061768E+00    6.05753400E-04
    1.00353535E+00   -1.94778587E+00    7.12388839E-04
    1.00353535E+00   -1.88495407E+00    8.72104474E-04
    1.00353535E+00   -1.82212227E+00    1.10991734E-03
    1.00353535E+00   -1.75929047E+00    1.46216324E-03
    1.00353535E+00   -1.69645866E+00    1.98109672E-03
    1.00353535E+00   -1.63362686E+00    2.74123370E-03
    1.00353535E+00   -1.57079506E+00    3.84796740E-03
    1.00353535E+00   -1.50796326E+00    5.44909143E-03
    1.00353535E+00   -1.44513145E+00    7.74996437E-03
    1.00353535E+00   -1.38229965E+00    1.10331270E-02
    1.00353535E+00   -1.31946785E+00    1.56832093E-02
    1.00353535E+00   -1.25663605E+00    2.22179077E-02
    1.00353535E+00   -1.19380424E+00    3.13256263E-02
    1.00353535E+00   -1.13097244E+00    4.39100132E-02
    1.00353535E+00   -1.06814064E+00    6.11410224E-02
    1.00353535E+00   -1.00530884E+00    8.45112504E-02
    1.00353535E+00   -9.42477036E-01    1.15895102E-01
    1.00353535E+00   -8.79645233E-01    1.57606828E-01
    1.00353535E+00   -8.16813431E-01    2.12451706E-01
    1.00353535E+00   -7.53981628E-01    2.83762758E-01
    1.00353535E+00   -6.91149826E-01    3.75413552E-01
    1.00353535E+00   -6.28318024E-01    4.91796308E-01
    1.00353535E+00   -5.65486221E-01    6.37753826E-01
    1.00353535E+00   -5.02654419E-01    8.18454599E-01
    1.00353535E+00   -4.39822617E-01    1.03920266E+00
    1.00353535E+00   -3.76990814E-01    1.30517714E+00
    1.00353535E+00   -3.14159012E-01    1.62110427E+00
    1.00353535E+00   -2.51327209E-01    1.99087135E+00
    1.00353535E+00   -1.88495407E-01    2.41709193E+00
    1.00353535E+00   -1.25663605E-01    2.90065282E+00
    1.00353535E+00   -6.28318024E-02    3.44029772E+00
    1.00353535E+00   -2.19269047E-15    4.03223073E+00
    1.00353535E+00    6.28318024E-02    4.66972501E+00
    1.00353535E+00    1.25663605E-01    5.34288023E+00
    1.00353535E+00    1.88495407E-01    6.03864661E+00
    1.00353535E+00    2.51327209E-01    6.74094264E+00
    1.00353535E+00    3.14159012E-01    7.43008406E+00
    1.00353535E+00    3.76990814E-01    8.08288839E+00
    1.00353535E+00    4.39822617E-01    8.67449321E+00
    1.00353535E+00    5.02654419E-01    9.18096398E+00
    1.00353535E+00    5.65486221E-01    9.58135984E+00
    1.00353535E+00    6.28318024E-01    9.86099038E+00
    1.00353535E+00    6.91149826E-01    1.00125742E+01
    1.00353535E+00    7.53981628E-01    1.00593313E+01
    1.00353535E+00    8.16813431E-01    1.00546368E+01
    1.00353535E+00    8.79645233E-01    9.97128560E+00
    1.00353535E+00    9.42477036E-01    9.76175379E+00
    1.00353535E+00    1.00530884E+00    9.42193107E+00
    1.00353535E+00    1.06814064E+00    8.96263538E+00
    1.00353535E+00    1.13097244E+00    8.40602013E+00
    1.00353535E+00    1.19380424E+00    7.77800959E+00
    1.00353535E+00    1.25663605E+00    7.10417838E+00
    1.00353535E+00    1.31946785E+00    6.40783732E+00
    1.00353535E+00    1.38229965E+00    5.70941733E+00
    1.00353535E+00    1.44513145E+00    5.02627723E+00
    1.00353535E+00    1.50796326E+00    4.37262944E+00
    1.00353535E+00    1.57079506E+00    3.75953205E+00
    1.00353535E+00    1.63362686E+00    3.19496743E+00
    1.00353535E+00    1.69645866E+00    2.68402218E+00
    1.00353535E+00    1.75929047E+00    2.22915369E+00
    1.00353535E+00    1.82212227E+00    1.83053523E+00
    1.00353535E+00    1.88495407E+00    1.48645823E+00
    1.00353535E+00    1.94778587E+00    1.19376195E+00
    1.00353535E+00    2.01061768E+00    9.48259496E-01
    1.00353535E+00    2.07344948E+00    7.45133613E-01
    1.00353535E+00    2.13628128E+00    5.79282103E-01
    1.00353535E+00    2.19911308E+00    4.45600389E-01
    1.00353535E+00    2.26194489E+00    3.39196848E-01
    1.00353535E+00    2.32477669E+00    2.55543207E-01
    1.00353535E+00    2.38760849E+00    1.90567078E-01
    1.00353535E+00    2.45044029E+00    1.40696421E-01
    1.00353535E+00    2.51327209E+00    1.02866706E-01
    1.00353535E+00    2.57610390E+00    7.45011116E-02
    1.00353535E+00    2.63893570E+00    5.34728640E-02
    1.00353535E+00    2.70176750E+00    3.80571787E-02
    1.00353535E+00    2.76459930E+00    2.68785673E-02
    1.00353535E+00    2.82743111E+00    1.88577330E-02
    1.00353535E+00    2.89026291E+00    1.31609974E-02
    1.00353535E+00    2.95309471E+00    9.15415843E-03
    1.00353535E+00    3.01592651E+00    6.36188007E-03
    1.00353535E+00    3.07875832E+00    4.43247132E-03
