    1.00353535E+00    1.63362686E+00   -9.79591837E-01    2.87498841E+00
    1.00353535E+00    1.63362686E+00   -9.38775511E-01    2.88029651E+00
    1.00353535E+00    1.63362686E+00   -8.97959186E-01    2.88937559E+00
    1.00353535E+00    1.63362686E+00   -8.57142860E-01    2.89864314E+00
    1.00353535E+00    1.63362686E+00   -8.16326534E-01    2.90811601E+00
    1.00353535E+00    1.63362686E+00   -7.75510209E-01    2.91780902E+00
    1.00353535E+00    1.63362686E+00   -7.34693883E-01    2.92773735E+00
    1.00353535E+00    1.63362686E+00   -6.93877557E-01    2.93791734E+00
    1.00353535E+00    1.63362686E+00   -6.53061232E-01    2.94836689E+00
    1.00353535E+00    1.63362686E+00   -6.12244906E-01    2.95910596E+00
    1.00353535E+00    1.63362686E+00   -5.71428580E-01    2.97015700E+00
    1.00353535E+00    1.63362686E+00   -5.30612255E-01    2.98154547E+00
    1.00353535E+00    1.63362686E+00   -4.89795929E-01    2.99330053E+00
    1.00353535E+00    1.63362686E+00   -4.48979603E-01    3.00545588E+00
    1.00353535E+00    1.63362686E+00   -4.08163277E-01    3.01805087E+00
    1.00353535E+00    1.63362686E+00   -3.67346952E-01    3.03113205E+00
    1.00353535E+00    1.63362686E+00   -3.26530626E-01    3.04475527E+00
    1.00353535E+00    1.63362686E+00   -2.85714300E-01    3.05898866E+00
    1.00353535E+00    1.63362686E+00   -2.44897975E-01    3.07391719E+00
    1.00353535E+00    1.63362686E+00   -2.04081649E-01    3.08964962E+00
    1.00353535E+00    1.63362686E+00   -1.63265323E-01    3.10633031E+00
    1.00353535E+00    1.63362686E+00   -1.22448998E-01    3.12416059E+00
    1.00353535E+00    1.63362686E+00   -8.16326719E-02    3.14344361E+00
    1.00353535E+00    1.63362686E+00   -4.08163462E-02    3.16470427E+00
    1.00353535E+00    1.63362686E+00   -2.04890966E-08    3.18957069E+00
    1.00353535E+00    1.63362686E+00    4.08163052E-02    3.21461037E+00
    1.00353535E+00    1.63362686E+00    8.16326309E-02    3.23624963E+00
    1.00353535E+00    1.63362686E+00    1.22448957E-01    3.25607593E+00
    1.00353535E+00    1.63362686E+00    1.63265282E-01    3.27457223E+00
    1.00353535E+00    1.63362686E+00    2.04081608E-01    3.29201111E+00
    1.00353535E+00    1.63362686E+00    2.44897934E-01    3.30857994E+00
    1.00353535E+00    1.63362686E+00    2.85714259E-01    3.32441130E+00
    1.00353535E+00    1.63362686E+00    3.26530585E-01    3.33960454E+00
    1.00353535E+00    1.63362686E+00    3.67346911E-01    3.35423702E+00
    1.00353535E+00    1.63362686E+00    4.08163236E-01    3.36837068E+00
    1.00353535E+00    1.63362686E+00    4.48979562E-01    3.38205624E+00
    1.00353535E+00    1.63362686E+00    4.89795888E-01    3.39533597E+00
    1.00353535E+00    1.63362686E+00    5.30612214E-01    3.40824563E+00
    1.00353535E+00    1.63362686E+00    5.71428539E-01    3.42081589E+00
    1.00353535E+00    1.63362686E+00    6.12244865E-01    3.43307332E+00
    1.00353535E+00    1.63362686E+00    6.53061191E-01    3.44504124E+00
    1.00353535E+00    1.63362686E+00    6.93877516E-01    3.45674028E+00
    1.00353535E+00    1.63362686E+00    7.34693842E-01    3.46818898E+00
    1.00353535E+00    1.63362686E+00    7.75510168E-01    3.47940422E+00
    1.00353535E+00    1.63362686E+00    8.16326493E-01    3.49040179E+00
    1.00353535E+00    1.63362686E+00    8.57142819E-01    3.50119718E+00
    1.00353535E+00    1.63362686E+00    8.97959145E-01    3.51180723E+00
    1.00353535E+00    1.63362686E+00    9.38775470E-01    3.52225550E+00
    1.00353535E+00    1.63362686E+00    9.79591796E-01    3.53260305E+00
