    6.45959597E-01   -8.79645233E-01    1.66962020E-02    9.99529188E-05   -3.00176702E-03
    6.45959597E-01   -8.79645233E-01    3.33497028E-02    9.99066394E-05   -4.62210382E-03
    6.45959597E-01   -8.79645233E-01    5.00032035E-02    9.98609072E-05   -5.50178484E-03
    6.45959597E-01   -8.79645233E-01    6.66994056E-02    9.98156380E-05   -5.97715995E-03
    6.45959597E-01   -8.79645233E-01    8.33529063E-02    9.97707679E-05   -6.23480717E-03
    6.45959597E-01   -8.79645233E-01    1.00006407E-01    9.97274339E-05   -6.34959440E-03
    6.45959597E-01   -8.79645233E-01    1.16702609E-01    9.96899384E-05   -6.31040739E-03
    6.45959597E-01   -8.79645233E-01    1.33356110E-01    9.96523975E-05   -6.29768901E-03
    6.45959597E-01   -8.79645233E-01    1.50009611E-01    9.95837938E-05   -6.84067246E-03
    6.45959597E-01   -8.79645233E-01    1.66705813E-01    9.94524478E-05   -8.27505602E-03
    6.45959597E-01   -8.79645233E-01    1.83359313E-01    9.92887723E-05   -9.78192275E-03
    6.45959597E-01   -8.79645233E-01    2.00012814E-01    9.92238016E-05   -9.11107046E-03
    6.45959597E-01   -8.79645233E-01    2.16709016E-01    9.94604370E-05   -3.47335781E-03
    6.45959597E-01   -8.79645233E-01    2.33362517E-01    1.00182883E-04    8.78390060E-03
    6.45959597E-01   -8.79645233E-01    2.50016018E-01    1.01492300E-04    2.74397181E-02
    6.45959597E-01   -8.79645233E-01    2.66669518E-01    1.03378258E-04    5.04627915E-02
    6.45959597E-01   -8.79645233E-01    2.83365720E-01    1.05776425E-04    7.52809053E-02
    6.45959597E-01   -8.79645233E-01    3.00019221E-01    1.08561790E-04    9.91403550E-02
    6.45959597E-01   -8.79645233E-01    3.16672722E-01    1.11819683E-04    1.24606608E-01
    6.45959597E-01   -8.79645233E-01    3.33368924E-01    1.15666277E-04    1.52260160E-01
    6.45959597E-01   -8.79645233E-01    3.50022425E-01    1.19992371E-04    1.79010623E-01
    6.45959597E-01   -8.79645233E-01    3.66675925E-01    1.24767481E-04    2.04720121E-01
    6.45959597E-01   -8.79645233E-01    3.83372127E-01    1.30200435E-04    2.31801772E-01
    6.45959597E-01   -8.79645233E-01    4.00025628E-01    1.36675119E-04    2.63006213E-01
    6.45959597E-01   -8.79645233E-01    4.16679129E-01    1.44761915E-04    3.00717554E-01
    6.45959597E-01   -8.79645233E-01    4.33375331E-01    1.55148765E-04    3.46116530E-01
    6.45959597E-01   -8.79645233E-01    4.50028832E-01    1.68524894E-04    3.98288948E-01
    6.45959597E-01   -8.79645233E-01    4.66682332E-01    1.85726310E-04    4.54830817E-01
    6.45959597E-01   -8.79645233E-01    4.83335833E-01    2.07501871E-04    5.13380592E-01
    6.45959597E-01   -8.79645233E-01    5.00032035E-01    2.34743887E-04    5.69953188E-01
    6.45959597E-01   -8.79645233E-01    5.16685536E-01    2.68055756E-04    6.21290380E-01
    6.45959597E-01   -8.79645233E-01    5.33339037E-01    3.08202717E-04    6.65528515E-01
    6.45959597E-01   -8.79645233E-01    5.50035239E-01    3.55953060E-04    7.02003323E-01
    6.45959597E-01   -8.79645233E-01    5.66688739E-01    4.11645245E-04    7.30600767E-01
    6.45959597E-01   -8.79645233E-01    5.83342240E-01    4.75907151E-04    7.52014484E-01
    6.45959597E-01   -8.79645233E-01    6.00038442E-01    5.49393204E-04    7.67185640E-01
    6.45959597E-01   -8.79645233E-01    6.16691943E-01    6.32110803E-04    7.77011063E-01
    6.45959597E-01   -8.79645233E-01    6.33345444E-01    7.24534948E-04    7.82426083E-01
    6.45959597E-01   -8.79645233E-01    6.50041646E-01    8.27218321E-04    7.84332267E-01
    6.45959597E-01   -8.79645233E-01    6.66695147E-01    9.39778491E-04    7.83394115E-01
    6.45959597E-01   -8.79645233E-01    6.83348647E-01    1.06259813E-03    7.80204322E-01
    6.45959597E-01   -8.79645233E-01    7.00002148E-01    1.19580862E-03    7.75389842E-01
    6.45959597E-01   -8.79645233E-01    7.16698350E-01    1.33964354E-03    7.69092737E-01
    6.45959597E-01   -8.79645233E-01    7.33351851E-01    1.49369817E-03    7.62058408E-01
    6.45959597E-01   -8.79645233E-01    7.50005352E-01    1.65786737E-03    7.54104204E-01
    6.45959597E-01   -8.79645233E-01    7.66701554E-01    1.83321265E-03    7.45925994E-01
    6.45959597E-01   -8.79645233E-01    7.83355054E-01    2.01848845E-03    7.37378838E-01
    6.45959597E-01   -8.79645233E-01    8.00008555E-01    2.21479876E-03    7.29117872E-01
    6.45959597E-01   -8.79645233E-01    8.16704757E-01    2.42228693E-03    7.21020091E-01
    6.45959597E-01   -8.79645233E-01    8.33358258E-01    2.64397345E-03    7.13490564E-01
    6.45959597E-01   -8.79645233E-01    8.50011759E-01    2.87635607E-03    7.04734878E-01
    6.45959597E-01   -8.79645233E-01    8.66707961E-01    3.11254352E-03    6.95344083E-01
    6.45959597E-01   -8.79645233E-01    8.83361461E-01    3.34866707E-03    6.85331502E-01
    6.45959597E-01   -8.79645233E-01    9.00014962E-01    3.59336234E-03    6.74603169E-01
    6.45959597E-01   -8.79645233E-01    9.16668463E-01    3.84931992E-03    6.64472374E-01
    6.45959597E-01   -8.79645233E-01    9.33364665E-01    4.11592343E-03    6.55738643E-01
    6.45959597E-01   -8.79645233E-01    9.50018166E-01    4.39058076E-03    6.47699776E-01
    6.45959597E-01   -8.79645233E-01    9.66671666E-01    4.67433701E-03    6.39232885E-01
    6.45959597E-01   -8.79645233E-01    9.83367868E-01    4.96580403E-03    6.30867210E-01
    6.45959597E-01   -8.79645233E-01    1.00002137E+00    5.26179837E-03    6.23013745E-01
    6.45959597E-01   -8.79645233E-01    1.01667487E+00    5.56420570E-03    6.15014847E-01
    6.45959597E-01   -8.79645233E-01    1.03337107E+00    5.87396902E-03    6.06999800E-01
    6.45959597E-01   -8.79645233E-01    1.05002457E+00    6.18864149E-03    5.99376774E-01
    6.45959597E-01   -8.79645233E-01    1.06667807E+00    6.50862229E-03    5.92092699E-01
    6.45959597E-01   -8.79645233E-01    1.08337428E+00    6.83531660E-03    5.84822283E-01
    6.45959597E-01   -8.79645233E-01    1.10002778E+00    7.16659053E-03    5.77711774E-01
    6.45959597E-01   -8.79645233E-01    1.11668128E+00    7.50247892E-03    5.70873227E-01
    6.45959597E-01   -8.79645233E-01    1.13333478E+00    7.84273962E-03    5.64226977E-01
    6.45959597E-01   -8.79645233E-01    1.15003098E+00    8.18839591E-03    5.57641842E-01
    6.45959597E-01   -8.79645233E-01    1.16668448E+00    8.53730266E-03    5.51210875E-01
    6.45959597E-01   -8.79645233E-01    1.18333798E+00    8.88984674E-03    5.44970801E-01
    6.45959597E-01   -8.79645233E-01    1.20003418E+00    9.24671583E-03    5.38876895E-01
    6.45959597E-01   -8.79645233E-01    1.21668768E+00    9.60606596E-03    5.32905106E-01
    6.45959597E-01   -8.79645233E-01    1.23334118E+00    9.96854140E-03    5.27057660E-01
    6.45959597E-01   -8.79645233E-01    1.25003739E+00    1.03347296E-02    5.21342806E-01
    6.45959597E-01   -8.79645233E-01    1.26669089E+00    1.07025019E-02    5.15784016E-01
    6.45959597E-01   -8.79645233E-01    1.28334439E+00    1.10726714E-02    5.10338989E-01
    6.45959597E-01   -8.79645233E-01    1.30004059E+00    1.14460124E-02    5.04989606E-01
    6.45959597E-01   -8.79645233E-01    1.31669409E+00    1.18203448E-02    4.99772380E-01
    6.45959597E-01   -8.79645233E-01    1.33334759E+00    1.21963828E-02    4.94673115E-01
    6.45959597E-01   -8.79645233E-01    1.35000109E+00    1.25739464E-02    4.89682636E-01
    6.45959597E-01   -8.79645233E-01    1.36669729E+00    1.29538568E-02    4.84779661E-01
    6.45959597E-01   -8.79645233E-01    1.38335080E+00    1.33339827E-02    4.79989344E-01
    6.45959597E-01   -8.79645233E-01    1.40000430E+00    1.37150981E-02    4.75299481E-01
    6.45959597E-01   -8.79645233E-01    1.41670050E+00    1.40980080E-02    4.70695860E-01
    6.45959597E-01   -8.79645233E-01    1.43335400E+00    1.44805980E-02    4.66197386E-01
    6.45959597E-01   -8.79645233E-01    1.45000750E+00    1.48636996E-02    4.61787649E-01
    6.45959597E-01   -8.79645233E-01    1.46670370E+00    1.52481386E-02    4.57453702E-01
    6.45959597E-01   -8.79645233E-01    1.48335720E+00    1.56317904E-02    4.53215728E-01
    6.45959597E-01   -8.79645233E-01    1.50001070E+00    1.60154883E-02    4.49060116E-01
    6.45959597E-01   -8.79645233E-01    1.51670691E+00    1.64000762E-02    4.44973912E-01
    6.45959597E-01   -8.79645233E-01    1.53336041E+00    1.67834569E-02    4.40975142E-01
    6.45959597E-01   -8.79645233E-01    1.55001391E+00    1.71664891E-02    4.37050999E-01
    6.45959597E-01   -8.79645233E-01    1.56666741E+00    1.75490498E-02    4.33199869E-01
    6.45959597E-01   -8.79645233E-01    1.58336361E+00    1.79320014E-02    4.29410519E-01
    6.45959597E-01   -8.79645233E-01    1.60001711E+00    1.83132749E-02    4.25700587E-01
    6.45959597E-01   -8.79645233E-01    1.61667061E+00    1.86937459E-02    4.22058356E-01
    6.45959597E-01   -8.79645233E-01    1.63336681E+00    1.90742883E-02    4.18472483E-01
    6.45959597E-01   -8.79645233E-01    1.65002031E+00    1.94528573E-02    4.14959507E-01
    6.45959597E-01   -8.79645233E-01    1.66667381E+00    1.98303309E-02    4.11508429E-01
    6.45959597E-01   -8.79645233E-01    1.68337002E+00    2.02075793E-02    4.08108919E-01
    6.45959597E-01   -8.79645233E-01    1.70002352E+00    2.05825836E-02    4.04776659E-01
    6.45959597E-01   -8.79645233E-01    1.71667702E+00    2.09562257E-02    4.01501167E-01
    6.45959597E-01   -8.79645233E-01    1.73337322E+00    2.13293784E-02    3.98272563E-01
    6.45959597E-01   -8.79645233E-01    1.75002672E+00    2.17000558E-02    3.95105936E-01
    6.45959597E-01   -8.79645233E-01    1.76668022E+00    2.20691408E-02    3.91991649E-01
    6.45959597E-01   -8.79645233E-01    1.78333372E+00    2.24365649E-02    3.88928440E-01
    6.45959597E-01   -8.79645233E-01    1.80002992E+00    2.28032001E-02    3.85907480E-01
    6.45959597E-01   -8.79645233E-01    1.81668342E+00    2.31671120E-02    3.82943107E-01
    6.45959597E-01   -8.79645233E-01    1.83333693E+00    2.35291860E-02    3.80026385E-01
    6.45959597E-01   -8.79645233E-01    1.85003313E+00    2.38902914E-02    3.77148924E-01
    6.45959597E-01   -8.79645233E-01    1.86668663E+00    2.42485311E-02    3.74324340E-01
    6.45959597E-01   -8.79645233E-01    1.88334013E+00    2.46047828E-02    3.71544091E-01
    6.45959597E-01   -8.79645233E-01    1.90003633E+00    2.49599064E-02    3.68800070E-01
    6.45959597E-01   -8.79645233E-01    1.91668983E+00    2.53120405E-02    3.66105229E-01
    6.45959597E-01   -8.79645233E-01    1.93334333E+00    2.56620539E-02    3.63451395E-01
    6.45959597E-01   -8.79645233E-01    1.95003953E+00    2.60107955E-02    3.60830869E-01
    6.45959597E-01   -8.79645233E-01    1.96669304E+00    2.63564435E-02    3.58256049E-01
    6.45959597E-01   -8.79645233E-01    1.98334654E+00    2.66998564E-02    3.55719243E-01
    6.45959597E-01   -8.79645233E-01    2.00004274E+00    2.70418724E-02    3.53213164E-01
    6.45959597E-01   -8.79645233E-01    2.01669624E+00    2.73807105E-02    3.50749759E-01
    6.45959597E-01   -8.79645233E-01    2.03334974E+00    2.77172189E-02    3.48321749E-01
    6.45959597E-01   -8.79645233E-01    2.05000324E+00    2.80513706E-02    3.45928335E-01
    6.45959597E-01   -8.79645233E-01    2.06669944E+00    2.83839889E-02    3.43562759E-01
    6.45959597E-01   -8.79645233E-01    2.08335294E+00    2.87133508E-02    3.41236422E-01
    6.45959597E-01   -8.79645233E-01    2.10000644E+00    2.90402910E-02    3.38942594E-01
    6.45959597E-01   -8.79645233E-01    2.11670265E+00    2.93656222E-02    3.36674902E-01
    6.45959597E-01   -8.79645233E-01    2.13335615E+00    2.96876663E-02    3.34444356E-01
    6.45959597E-01   -8.79645233E-01    2.15000965E+00    3.00072454E-02    3.32244507E-01
    6.45959597E-01   -8.79645233E-01    2.16670585E+00    3.03251574E-02    3.30069193E-01
    6.45959597E-01   -8.79645233E-01    2.18335935E+00    3.06397650E-02    3.27928896E-01
    6.45959597E-01   -8.79645233E-01    2.20001285E+00    3.09518743E-02    3.25817367E-01
    6.45959597E-01   -8.79645233E-01    2.21670905E+00    3.12622665E-02    3.23728673E-01
    6.45959597E-01   -8.79645233E-01    2.23336255E+00    3.15693455E-02    3.21672876E-01
    6.45959597E-01   -8.79645233E-01    2.25001605E+00    3.18739006E-02    3.19643992E-01
    6.45959597E-01   -8.79645233E-01    2.26666956E+00    3.21759253E-02    3.17641438E-01
    6.45959597E-01   -8.79645233E-01    2.28336576E+00    3.24761787E-02    3.15659617E-01
    6.45959597E-01   -8.79645233E-01    2.30001926E+00    3.27731201E-02    3.13708119E-01
    6.45959597E-01   -8.79645233E-01    2.31667276E+00    3.30675171E-02    3.11781311E-01
    6.45959597E-01   -8.79645233E-01    2.33336896E+00    3.33601121E-02    3.09873837E-01
    6.45959597E-01   -8.79645233E-01    2.35002246E+00    3.36494066E-02    3.07994962E-01
    6.45959597E-01   -8.79645233E-01    2.36667596E+00    3.39361514E-02    3.06139304E-01
    6.45959597E-01   -8.79645233E-01    2.38337216E+00    3.42210721E-02    3.04301735E-01
    6.45959597E-01   -8.79645233E-01    2.40002567E+00    3.45027127E-02    3.02491217E-01
    6.45959597E-01   -8.79645233E-01    2.41667917E+00    3.47818075E-02    3.00702610E-01
    6.45959597E-01   -8.79645233E-01    2.43337537E+00    3.50590657E-02    2.98931019E-01
    6.45959597E-01   -8.79645233E-01    2.45002887E+00    3.53330741E-02    2.97185134E-01
    6.45959597E-01   -8.79645233E-01    2.46668237E+00    3.56045511E-02    2.95460047E-01
    6.45959597E-01   -8.79645233E-01    2.48333587E+00    3.58735038E-02    2.93755420E-01
    6.45959597E-01   -8.79645233E-01    2.50003207E+00    3.61406202E-02    2.92066625E-01
    6.45959597E-01   -8.79645233E-01    2.51668557E+00    3.64045424E-02    2.90401958E-01
    6.45959597E-01   -8.79645233E-01    2.53333907E+00    3.66659656E-02    2.88756726E-01
    6.45959597E-01   -8.79645233E-01    2.55003528E+00    3.69255596E-02    2.87126434E-01
    6.45959597E-01   -8.79645233E-01    2.56668878E+00    3.71820058E-02    2.85519072E-01
    6.45959597E-01   -8.79645233E-01    2.58334228E+00    3.74359806E-02    2.83930098E-01
    6.45959597E-01   -8.79645233E-01    2.60003848E+00    3.76881356E-02    2.82355163E-01
    6.45959597E-01   -8.79645233E-01    2.61669198E+00    3.79371908E-02    2.80801988E-01
    6.45959597E-01   -8.79645233E-01    2.63334548E+00    3.81838046E-02    2.79266198E-01
    6.45959597E-01   -8.79645233E-01    2.65004168E+00    3.84286105E-02    2.77743602E-01
    6.45959597E-01   -8.79645233E-01    2.66669518E+00    3.86703671E-02    2.76241678E-01
    6.45959597E-01   -8.79645233E-01    2.68334868E+00    3.89097147E-02    2.74756208E-01
    6.45959597E-01   -8.79645233E-01    2.70000219E+00    3.91466648E-02    2.73286900E-01
    6.45959597E-01   -8.79645233E-01    2.71669839E+00    3.93818273E-02    2.71829763E-01
    6.45959597E-01   -8.79645233E-01    2.73335189E+00    3.96140113E-02    2.70391971E-01
    6.45959597E-01   -8.79645233E-01    2.75000539E+00    3.98438336E-02    2.68969508E-01
    6.45959597E-01   -8.79645233E-01    2.76670159E+00    4.00718869E-02    2.67558521E-01
    6.45959597E-01   -8.79645233E-01    2.78335509E+00    4.02970174E-02    2.66165975E-01
    6.45959597E-01   -8.79645233E-01    2.80000859E+00    4.05198246E-02    2.64787997E-01
    6.45959597E-01   -8.79645233E-01    2.81670479E+00    4.07408842E-02    2.63420870E-01
    6.45959597E-01   -8.79645233E-01    2.83335829E+00    4.09590793E-02    2.62071359E-01
    6.45959597E-01   -8.79645233E-01    2.85001180E+00    4.11749924E-02    2.60735734E-01
    6.45959597E-01   -8.79645233E-01    2.86670800E+00    4.13891831E-02    2.59410416E-01
    6.45959597E-01   -8.79645233E-01    2.88336150E+00    4.16005709E-02    2.58101989E-01
    6.45959597E-01   -8.79645233E-01    2.90001500E+00    4.18097221E-02    2.56806857E-01
    6.45959597E-01   -8.79645233E-01    2.91666850E+00    4.20166525E-02    2.55524832E-01
    6.45959597E-01   -8.79645233E-01    2.93336470E+00    4.22219003E-02    2.54252493E-01
    6.45959597E-01   -8.79645233E-01    2.95001820E+00    4.24244316E-02    2.52996159E-01
    6.45959597E-01   -8.79645233E-01    2.96667170E+00    4.26247903E-02    2.51752368E-01
    6.45959597E-01   -8.79645233E-01    2.98336791E+00    4.28234977E-02    2.50517786E-01
    6.45959597E-01   -8.79645233E-01    3.00002141E+00    4.30195534E-02    2.49298538E-01
    6.45959597E-01   -8.79645233E-01    3.01667491E+00    4.32134842E-02    2.48091261E-01
    6.45959597E-01   -8.79645233E-01    3.03337111E+00    4.34057949E-02    2.46892719E-01
    6.45959597E-01   -8.79645233E-01    3.05002461E+00    4.35955179E-02    2.45708861E-01
    6.45959597E-01   -8.79645233E-01    3.06667811E+00    4.37831635E-02    2.44536426E-01
    6.45959597E-01   -8.79645233E-01    3.08337431E+00    4.39692207E-02    2.43372275E-01
    6.45959597E-01   -8.79645233E-01    3.10002781E+00    4.41527537E-02    2.42222190E-01
    6.45959597E-01   -8.79645233E-01    3.11668131E+00    4.43342567E-02    2.41083013E-01
    6.45959597E-01   -8.79645233E-01    3.13333481E+00    4.45137454E-02    2.39954581E-01
    6.45959597E-01   -8.79645233E-01    3.15003102E+00    4.46916882E-02    2.38833886E-01
    6.45959597E-01   -8.79645233E-01    3.16668452E+00    4.48671904E-02    2.37726496E-01
    6.45959597E-01   -8.79645233E-01    3.18333802E+00    4.50407252E-02    2.36629377E-01
    6.45959597E-01   -8.79645233E-01    3.20003422E+00    4.52127458E-02    2.35539603E-01
    6.45959597E-01   -8.79645233E-01    3.21668772E+00    4.53823878E-02    2.34462600E-01
    6.45959597E-01   -8.79645233E-01    3.23334122E+00    4.55501090E-02    2.33395423E-01
    6.45959597E-01   -8.79645233E-01    3.25003742E+00    4.57163480E-02    2.32335230E-01
    6.45959597E-01   -8.79645233E-01    3.26669092E+00    4.58802699E-02    2.31287307E-01
    6.45959597E-01   -8.79645233E-01    3.28334443E+00    4.60423180E-02    2.30248799E-01
    6.45959597E-01   -8.79645233E-01    3.30004063E+00    4.62029162E-02    2.29216950E-01
    6.45959597E-01   -8.79645233E-01    3.31669413E+00    4.63612589E-02    2.28196915E-01
    6.45959597E-01   -8.79645233E-01    3.33334763E+00    4.65177751E-02    2.27185925E-01
    6.45959597E-01   -8.79645233E-01    3.35000113E+00    4.66724807E-02    2.26183867E-01
    6.45959597E-01   -8.79645233E-01    3.36669733E+00    4.68257815E-02    2.25188097E-01
    6.45959597E-01   -8.79645233E-01    3.38335083E+00    4.69769097E-02    2.24203602E-01
    6.45959597E-01   -8.79645233E-01    3.40000433E+00    4.71262756E-02    2.23227718E-01
    6.45959597E-01   -8.79645233E-01    3.41670054E+00    4.72742717E-02    2.22257870E-01
    6.45959597E-01   -8.79645233E-01    3.43335404E+00    4.74201570E-02    2.21298911E-01
    6.45959597E-01   -8.79645233E-01    3.45000754E+00    4.75643279E-02    2.20348241E-01
    6.45959597E-01   -8.79645233E-01    3.46670374E+00    4.77071633E-02    2.19403347E-01
    6.45959597E-01   -8.79645233E-01    3.48335724E+00    4.78479482E-02    2.18468953E-01
    6.45959597E-01   -8.79645233E-01    3.50001074E+00    4.79870653E-02    2.17542526E-01
    6.45959597E-01   -8.79645233E-01    3.51670694E+00    4.81248805E-02    2.16621617E-01
    6.45959597E-01   -8.79645233E-01    3.53336044E+00    4.82607038E-02    2.15710831E-01
    6.45959597E-01   -8.79645233E-01    3.55001394E+00    4.83949050E-02    2.14807701E-01
    6.45959597E-01   -8.79645233E-01    3.56666744E+00    4.85274989E-02    2.13912126E-01
    6.45959597E-01   -8.79645233E-01    3.58336365E+00    4.86588342E-02    2.13021739E-01
    6.45959597E-01   -8.79645233E-01    3.60001715E+00    4.87882539E-02    2.12140998E-01
    6.45959597E-01   -8.79645233E-01    3.61667065E+00    4.89161103E-02    2.11267520E-01
    6.45959597E-01   -8.79645233E-01    3.63336685E+00    4.90427399E-02    2.10398997E-01
    6.45959597E-01   -8.79645233E-01    3.65002035E+00    4.91675093E-02    2.09539781E-01
    6.45959597E-01   -8.79645233E-01    3.66667385E+00    4.92907585E-02    2.08687549E-01
    6.45959597E-01   -8.79645233E-01    3.68337005E+00    4.94128120E-02    2.07840055E-01
    6.45959597E-01   -8.79645233E-01    3.70002355E+00    4.95330594E-02    2.07001547E-01
    6.45959597E-01   -8.79645233E-01    3.71667705E+00    4.96518289E-02    2.06169761E-01
    6.45959597E-01   -8.79645233E-01    3.73337326E+00    4.97694331E-02    2.05342507E-01
    6.45959597E-01   -8.79645233E-01    3.75002676E+00    4.98852843E-02    2.04523935E-01
    6.45959597E-01   -8.79645233E-01    3.76668026E+00    4.99996988E-02    2.03711838E-01
    6.45959597E-01   -8.79645233E-01    3.78333376E+00    5.01126901E-02    2.02906140E-01
    6.45959597E-01   -8.79645233E-01    3.80002996E+00    5.02245560E-02    2.02104721E-01
    6.45959597E-01   -8.79645233E-01    3.81668346E+00    5.03347379E-02    2.01311608E-01
    6.45959597E-01   -8.79645233E-01    3.83333696E+00    5.04435370E-02    2.00524671E-01
    6.45959597E-01   -8.79645233E-01    3.85003316E+00    5.05512406E-02    1.99741847E-01
    6.45959597E-01   -8.79645233E-01    3.86668667E+00    5.06573111E-02    1.98967075E-01
    6.45959597E-01   -8.79645233E-01    3.88334017E+00    5.07620391E-02    1.98198281E-01
    6.45959597E-01   -8.79645233E-01    3.90003637E+00    5.08657015E-02    1.97433454E-01
    6.45959597E-01   -8.79645233E-01    3.91668987E+00    5.09677812E-02    1.96676443E-01
    6.45959597E-01   -8.79645233E-01    3.93334337E+00    5.10685584E-02    1.95925222E-01
    6.45959597E-01   -8.79645233E-01    3.95003957E+00    5.11682994E-02    1.95177822E-01
    6.45959597E-01   -8.79645233E-01    3.96669307E+00    5.12665070E-02    1.94438003E-01
    6.45959597E-01   -8.79645233E-01    3.98334657E+00    5.13634508E-02    1.93703784E-01
    6.45959597E-01   -8.79645233E-01    4.00004278E+00    5.14593871E-02    1.92973240E-01
    6.45959597E-01   -8.79645233E-01    4.01669628E+00    5.15538378E-02    1.92250046E-01
    6.45959597E-01   -8.79645233E-01    4.03334978E+00    5.16470622E-02    1.91532263E-01
    6.45959597E-01   -8.79645233E-01    4.05000328E+00    5.17390726E-02    1.90819831E-01
    6.45959597E-01   -8.79645233E-01    4.06669948E+00    5.18301124E-02    1.90110884E-01
    6.45959597E-01   -8.79645233E-01    4.08335298E+00    5.19197281E-02    1.89408987E-01
    6.45959597E-01   -8.79645233E-01    4.10000648E+00    5.20081658E-02    1.88712262E-01
    6.45959597E-01   -8.79645233E-01    4.11670268E+00    5.20956597E-02    1.88018884E-01
    6.45959597E-01   -8.79645233E-01    4.13335618E+00    5.21817740E-02    1.87332342E-01
    6.45959597E-01   -8.79645233E-01    4.15000968E+00    5.22667453E-02    1.86650800E-01
    6.45959597E-01   -8.79645233E-01    4.16670589E+00    5.23507987E-02    1.85972473E-01
    6.45959597E-01   -8.79645233E-01    4.18335939E+00    5.24335156E-02    1.85300777E-01
    6.45959597E-01   -8.79645233E-01    4.20001289E+00    5.25151236E-02    1.84633915E-01
    6.45959597E-01   -8.79645233E-01    4.21670909E+00    5.25958389E-02    1.83970142E-01
    6.45959597E-01   -8.79645233E-01    4.23336259E+00    5.26752596E-02    1.83312802E-01
    6.45959597E-01   -8.79645233E-01    4.25001609E+00    5.27536043E-02    1.82660139E-01
    6.45959597E-01   -8.79645233E-01    4.26666959E+00    5.28308840E-02    1.82012101E-01
    6.45959597E-01   -8.79645233E-01    4.28336579E+00    5.29073033E-02    1.81366995E-01
    6.45959597E-01   -8.79645233E-01    4.30001930E+00    5.29824820E-02    1.80728073E-01
    6.45959597E-01   -8.79645233E-01    4.31667280E+00    5.30566275E-02    1.80093630E-01
    6.45959597E-01   -8.79645233E-01    4.33336900E+00    5.31299363E-02    1.79462009E-01
    6.45959597E-01   -8.79645233E-01    4.35002250E+00    5.32020438E-02    1.78836397E-01
    6.45959597E-01   -8.79645233E-01    4.36667600E+00    5.32731492E-02    1.78215129E-01
    6.45959597E-01   -8.79645233E-01    4.38337220E+00    5.33434412E-02    1.77596585E-01
    6.45959597E-01   -8.79645233E-01    4.40002570E+00    5.34125705E-02    1.76983888E-01
    6.45959597E-01   -8.79645233E-01    4.41667920E+00    5.34807283E-02    1.76375411E-01
    6.45959597E-01   -8.79645233E-01    4.43337540E+00    5.35480958E-02    1.75769570E-01
    6.45959597E-01   -8.79645233E-01    4.45002891E+00    5.36143383E-02    1.75169423E-01
    6.45959597E-01   -8.79645233E-01    4.46668241E+00    5.36796395E-02    1.74573378E-01
    6.45959597E-01   -8.79645233E-01    4.48333591E+00    5.37440089E-02    1.73981393E-01
    6.45959597E-01   -8.79645233E-01    4.50003211E+00    5.38076180E-02    1.73391926E-01
    6.45959597E-01   -8.79645233E-01    4.51668561E+00    5.38701508E-02    1.72807954E-01
    6.45959597E-01   -8.79645233E-01    4.53333911E+00    5.39317807E-02    1.72227924E-01
    6.45959597E-01   -8.79645233E-01    4.55003531E+00    5.39926718E-02    1.71650325E-01
    6.45959597E-01   -8.79645233E-01    4.56668881E+00    5.40525219E-02    1.71078074E-01
    6.45959597E-01   -8.79645233E-01    4.58334231E+00    5.41114971E-02    1.70509649E-01
    6.45959597E-01   -8.79645233E-01    4.60003852E+00    5.41697544E-02    1.69943571E-01
    6.45959597E-01   -8.79645233E-01    4.61669202E+00    5.42270047E-02    1.69382698E-01
    6.45959597E-01   -8.79645233E-01    4.63334552E+00    5.42834072E-02    1.68825539E-01
    6.45959597E-01   -8.79645233E-01    4.65004172E+00    5.43391119E-02    1.68270645E-01
    6.45959597E-01   -8.79645233E-01    4.66669522E+00    5.43938428E-02    1.67720816E-01
    6.45959597E-01   -8.79645233E-01    4.68334872E+00    5.44477520E-02    1.67174594E-01
    6.45959597E-01   -8.79645233E-01    4.70000222E+00    5.45008479E-02    1.66631943E-01
    6.45959597E-01   -8.79645233E-01    4.71669842E+00    5.45532722E-02    1.66091449E-01
    6.45959597E-01   -8.79645233E-01    4.73335192E+00    5.46047649E-02    1.65555844E-01
    6.45959597E-01   -8.79645233E-01    4.75000543E+00    5.46554695E-02    1.65023706E-01
    6.45959597E-01   -8.79645233E-01    4.76670163E+00    5.47055212E-02    1.64493651E-01
    6.45959597E-01   -8.79645233E-01    4.78335513E+00    5.47546720E-02    1.63968356E-01
    6.45959597E-01   -8.79645233E-01    4.80000863E+00    5.48030589E-02    1.63446429E-01
    6.45959597E-01   -8.79645233E-01    4.81670483E+00    5.48508111E-02    1.62926512E-01
    6.45959597E-01   -8.79645233E-01    4.83335833E+00    5.48976921E-02    1.62411233E-01
    6.45959597E-01   -8.79645233E-01    4.85001183E+00    5.49438328E-02    1.61899227E-01
    6.45959597E-01   -8.79645233E-01    4.86670803E+00    5.49893565E-02    1.61389162E-01
    6.45959597E-01   -8.79645233E-01    4.88336154E+00    5.50340379E-02    1.60883619E-01
    6.45959597E-01   -8.79645233E-01    4.90001504E+00    5.50780020E-02    1.60381260E-01
    6.45959597E-01   -8.79645233E-01    4.91666854E+00    5.51212564E-02    1.59882057E-01
    6.45959597E-01   -8.79645233E-01    4.93336474E+00    5.51639167E-02    1.59384715E-01
    6.45959597E-01   -8.79645233E-01    4.95001824E+00    5.52057722E-02    1.58891750E-01
    6.45959597E-01   -8.79645233E-01    4.96667174E+00    5.52469403E-02    1.58401860E-01
    6.45959597E-01   -8.79645233E-01    4.98336794E+00    5.52875312E-02    1.57913774E-01
    6.45959597E-01   -8.79645233E-01    5.00002144E+00    5.53273444E-02    1.57429962E-01
