    8.24747475E-01   -2.19269047E-15    1.66962020E-02    9.99612748E-05   -1.88891149E-03
    8.24747475E-01   -2.19269047E-15    3.33497028E-02    9.99209989E-05   -2.91546451E-03
    8.24747475E-01   -2.19269047E-15    5.00032035E-02    9.98798489E-05   -3.48449505E-03
    8.24747475E-01   -2.19269047E-15    6.66994056E-02    9.98381893E-05   -3.80577491E-03
    8.24747475E-01   -2.19269047E-15    8.33529063E-02    9.97964996E-05   -3.99108803E-03
    8.24747475E-01   -2.19269047E-15    1.00006407E-01    9.97548284E-05   -4.10268807E-03
    8.24747475E-01   -2.19269047E-15    1.16702609E-01    9.97131670E-05   -4.17375912E-03
    8.24747475E-01   -2.19269047E-15    1.33356110E-01    9.96717322E-05   -4.22288776E-03
    8.24747475E-01   -2.19269047E-15    1.50009611E-01    9.96303563E-05   -4.26115786E-03
    8.24747475E-01   -2.19269047E-15    1.66705813E-01    9.95892447E-05   -4.28776640E-03
    8.24747475E-01   -2.19269047E-15    1.83359313E-01    9.95495531E-05   -4.29115431E-03
    8.24747475E-01   -2.19269047E-15    2.00012814E-01    9.95115439E-05   -4.27460620E-03
    8.24747475E-01   -2.19269047E-15    2.16709016E-01    9.94725984E-05   -4.28899252E-03
    8.24747475E-01   -2.19269047E-15    2.33362517E-01    9.94268616E-05   -4.42592560E-03
    8.24747475E-01   -2.19269047E-15    2.50016018E-01    9.93682285E-05   -4.74518018E-03
    8.24747475E-01   -2.19269047E-15    2.66669518E-01    9.92977596E-05   -5.17104783E-03
    8.24747475E-01   -2.19269047E-15    2.83365720E-01    9.92294373E-05   -5.43805868E-03
    8.24747475E-01   -2.19269047E-15    3.00019221E-01    9.91892669E-05   -5.17307588E-03
    8.24747475E-01   -2.19269047E-15    3.16672722E-01    9.92024728E-05   -4.11868319E-03
    8.24747475E-01   -2.19269047E-15    3.33368924E-01    9.92785516E-05   -2.33692926E-03
    8.24747475E-01   -2.19269047E-15    3.50022425E-01    9.94088613E-05   -1.21184165E-04
    8.24747475E-01   -2.19269047E-15    3.66675925E-01    9.96083732E-05    2.81820612E-03
    8.24747475E-01   -2.19269047E-15    3.83372127E-01    1.00003902E-04    8.66468024E-03
    8.24747475E-01   -2.19269047E-15    4.00025628E-01    1.00888284E-04    2.15705568E-02
    8.24747475E-01   -2.19269047E-15    4.16679129E-01    1.02620658E-04    4.40691004E-02
    8.24747475E-01   -2.19269047E-15    4.33375331E-01    1.06266586E-04    9.25319094E-02
    8.24747475E-01   -2.19269047E-15    4.50028832E-01    1.21844997E-04    2.91729958E-01
    8.24747475E-01   -2.19269047E-15    4.66682332E-01    1.71615019E-04    6.54523656E-01
    8.24747475E-01   -2.19269047E-15    4.83335833E-01    2.88073330E-04    9.81092434E-01
    8.24747475E-01   -2.19269047E-15    5.00032035E-01    5.19798532E-04    1.16537742E+00
    8.24747475E-01   -2.19269047E-15    5.16685536E-01    9.29516301E-04    1.23886725E+00
    8.24747475E-01   -2.19269047E-15    5.33339037E-01    1.59516206E-03    1.25383205E+00
    8.24747475E-01   -2.19269047E-15    5.50035239E-01    2.60833849E-03    1.24159768E+00
    8.24747475E-01   -2.19269047E-15    5.66688739E-01    4.06089431E-03    1.21737439E+00
    8.24747475E-01   -2.19269047E-15    5.83342240E-01    6.05681016E-03    1.18823981E+00
    8.24747475E-01   -2.19269047E-15    6.00038442E-01    8.70757276E-03    1.15743613E+00
    8.24747475E-01   -2.19269047E-15    6.16691943E-01    1.21026758E-02    1.12669427E+00
    8.24747475E-01   -2.19269047E-15    6.33345444E-01    1.63473621E-02    1.09668438E+00
    8.24747475E-01   -2.19269047E-15    6.50041646E-01    2.15499959E-02    1.06767505E+00
    8.24747475E-01   -2.19269047E-15    6.66695147E-01    2.77706775E-02    1.03995366E+00
    8.24747475E-01   -2.19269047E-15    6.83348647E-01    3.50995035E-02    1.01347935E+00
    8.24747475E-01   -2.19269047E-15    7.00002148E-01    4.36052162E-02    9.88234078E-01
    8.24747475E-01   -2.19269047E-15    7.16698350E-01    5.33734289E-02    9.64113819E-01
    8.24747475E-01   -2.19269047E-15    7.33351851E-01    6.44033923E-02    9.41186056E-01
    8.24747475E-01   -2.19269047E-15    7.50005352E-01    7.67578071E-02    9.19327345E-01
    8.24747475E-01   -2.19269047E-15    7.66701554E-01    9.05034571E-02    8.98424754E-01
    8.24747475E-01   -2.19269047E-15    7.83355054E-01    1.05590846E-01    8.78525467E-01
    8.24747475E-01   -2.19269047E-15    8.00008555E-01    1.22065503E-01    8.59517257E-01
    8.24747475E-01   -2.19269047E-15    8.16704757E-01    1.39979049E-01    8.41299668E-01
    8.24747475E-01   -2.19269047E-15    8.33358258E-01    1.59236294E-01    8.23913978E-01
    8.24747475E-01   -2.19269047E-15    8.50011759E-01    1.79870817E-01    8.07264191E-01
    8.24747475E-01   -2.19269047E-15    8.66707961E-01    2.01923959E-01    7.91264936E-01
    8.24747475E-01   -2.19269047E-15    8.83361461E-01    2.25260282E-01    7.75955926E-01
    8.24747475E-01   -2.19269047E-15    9.00014962E-01    2.49906865E-01    7.61256428E-01
    8.24747475E-01   -2.19269047E-15    9.16668463E-01    2.75831523E-01    7.47130282E-01
    8.24747475E-01   -2.19269047E-15    9.33364665E-01    3.03069194E-01    7.33509537E-01
    8.24747475E-01   -2.19269047E-15    9.50018166E-01    3.31441312E-01    7.20433927E-01
    8.24747475E-01   -2.19269047E-15    9.66671666E-01    3.60973041E-01    7.07837834E-01
    8.24747475E-01   -2.19269047E-15    9.83367868E-01    3.91699109E-01    6.95663495E-01
    8.24747475E-01   -2.19269047E-15    1.00002137E+00    4.23415966E-01    6.83951047E-01
    8.24747475E-01   -2.19269047E-15    1.01667487E+00    4.56151128E-01    6.72641661E-01
    8.24747475E-01   -2.19269047E-15    1.03337107E+00    4.89942290E-01    6.61688536E-01
    8.24747475E-01   -2.19269047E-15    1.05002457E+00    5.24565582E-01    6.51127364E-01
    8.24747475E-01   -2.19269047E-15    1.06667807E+00    5.60056147E-01    6.40913340E-01
    8.24747475E-01   -2.19269047E-15    1.08337428E+00    5.96452563E-01    6.30996738E-01
    8.24747475E-01   -2.19269047E-15    1.10002778E+00    6.33519279E-01    6.21420041E-01
    8.24747475E-01   -2.19269047E-15    1.11668128E+00    6.71296112E-01    6.12139550E-01
    8.24747475E-01   -2.19269047E-15    1.13333478E+00    7.09732748E-01    6.03142098E-01
    8.24747475E-01   -2.19269047E-15    1.15003098E+00    7.48872189E-01    5.94382696E-01
    8.24747475E-01   -2.19269047E-15    1.16668448E+00    7.88472157E-01    5.85910711E-01
    8.24747475E-01   -2.19269047E-15    1.18333798E+00    8.28580127E-01    5.77681567E-01
    8.24747475E-01   -2.19269047E-15    1.20003418E+00    8.69253273E-01    5.69667389E-01
    8.24747475E-01   -2.19269047E-15    1.21668768E+00    9.10224524E-01    5.61883178E-01
    8.24747475E-01   -2.19269047E-15    1.23334118E+00    9.51562620E-01    5.54322688E-01
    8.24747475E-01   -2.19269047E-15    1.25003739E+00    9.93336160E-01    5.46953398E-01
    8.24747475E-01   -2.19269047E-15    1.26669089E+00    1.03527760E+00    5.39796838E-01
    8.24747475E-01   -2.19269047E-15    1.28334439E+00    1.07744225E+00    5.32814283E-01
    8.24747475E-01   -2.19269047E-15    1.30004059E+00    1.11989186E+00    5.25987723E-01
    8.24747475E-01   -2.19269047E-15    1.31669409E+00    1.16240688E+00    5.19383831E-01
    8.24747475E-01   -2.19269047E-15    1.33334759E+00    1.20503734E+00    5.12934310E-01
    8.24747475E-01   -2.19269047E-15    1.35000109E+00    1.24774684E+00    5.06651008E-01
    8.24747475E-01   -2.19269047E-15    1.36669729E+00    1.29058473E+00    5.00471125E-01
    8.24747475E-01   -2.19269047E-15    1.38335080E+00    1.33330710E+00    4.94456324E-01
    8.24747475E-01   -2.19269047E-15    1.40000430E+00    1.37604501E+00    4.88617499E-01
    8.24747475E-01   -2.19269047E-15    1.41670050E+00    1.41884328E+00    4.82879997E-01
    8.24747475E-01   -2.19269047E-15    1.43335400E+00    1.46143513E+00    4.77282927E-01
    8.24747475E-01   -2.19269047E-15    1.45000750E+00    1.50393484E+00    4.71828746E-01
    8.24747475E-01   -2.19269047E-15    1.46670370E+00    1.54635581E+00    4.66475926E-01
    8.24747475E-01   -2.19269047E-15    1.48335720E+00    1.58854950E+00    4.61326050E-01
    8.24747475E-01   -2.19269047E-15    1.50001070E+00    1.63056053E+00    4.56302896E-01
    8.24747475E-01   -2.19269047E-15    1.51670691E+00    1.67239142E+00    4.51343341E-01
    8.24747475E-01   -2.19269047E-15    1.53336041E+00    1.71391360E+00    4.46565911E-01
    8.24747475E-01   -2.19269047E-15    1.55001391E+00    1.75525346E+00    4.41860112E-01
    8.24747475E-01   -2.19269047E-15    1.56666741E+00    1.79646494E+00    4.37358833E-01
    8.24747475E-01   -2.19269047E-15    1.58336361E+00    1.83765309E+00    4.32949727E-01
    8.24747475E-01   -2.19269047E-15    1.60001711E+00    1.87844988E+00    4.28484803E-01
    8.24747475E-01   -2.19269047E-15    1.61667061E+00    1.91892551E+00    4.23963744E-01
    8.24747475E-01   -2.19269047E-15    1.63336681E+00    1.95931481E+00    4.19517741E-01
    8.24747475E-01   -2.19269047E-15    1.65002031E+00    1.99922584E+00    4.15230561E-01
    8.24747475E-01   -2.19269047E-15    1.66667381E+00    2.03927879E+00    4.11324657E-01
    8.24747475E-01   -2.19269047E-15    1.68337002E+00    2.07984805E+00    4.07528958E-01
    8.24747475E-01   -2.19269047E-15    1.70002352E+00    2.11946192E+00    4.04115426E-01
    8.24747475E-01   -2.19269047E-15    1.71667702E+00    2.15828544E+00    4.00876565E-01
    8.24747475E-01   -2.19269047E-15    1.73337322E+00    2.19665064E+00    3.97790118E-01
    8.24747475E-01   -2.19269047E-15    1.75002672E+00    2.23467459E+00    3.94777310E-01
    8.24747475E-01   -2.19269047E-15    1.76668022E+00    2.27224425E+00    3.91744230E-01
    8.24747475E-01   -2.19269047E-15    1.78333372E+00    2.30872433E+00    3.88463641E-01
    8.24747475E-01   -2.19269047E-15    1.80002992E+00    2.34372366E+00    3.84855344E-01
    8.24747475E-01   -2.19269047E-15    1.81668342E+00    2.37862147E+00    3.80799472E-01
    8.24747475E-01   -2.19269047E-15    1.83333693E+00    2.41339347E+00    3.77002233E-01
    8.24747475E-01   -2.19269047E-15    1.85003313E+00    2.44793440E+00    3.73407103E-01
    8.24747475E-01   -2.19269047E-15    1.86668663E+00    2.48176497E+00    3.69838797E-01
    8.24747475E-01   -2.19269047E-15    1.88334013E+00    2.51486830E+00    3.66145009E-01
    8.24747475E-01   -2.19269047E-15    1.90003633E+00    2.54753597E+00    3.62552887E-01
    8.24747475E-01   -2.19269047E-15    1.91668983E+00    2.57984644E+00    3.59208174E-01
    8.24747475E-01   -2.19269047E-15    1.93334333E+00    2.61172072E+00    3.56198267E-01
    8.24747475E-01   -2.19269047E-15    1.95003953E+00    2.64342328E+00    3.53114228E-01
    8.24747475E-01   -2.19269047E-15    1.96669304E+00    2.67467137E+00    3.49978818E-01
    8.24747475E-01   -2.19269047E-15    1.98334654E+00    2.70539419E+00    3.46879119E-01
    8.24747475E-01   -2.19269047E-15    2.00004274E+00    2.73567612E+00    3.43894399E-01
    8.24747475E-01   -2.19269047E-15    2.01669624E+00    2.76556317E+00    3.40987748E-01
    8.24747475E-01   -2.19269047E-15    2.03334974E+00    2.79509837E+00    3.38152585E-01
    8.24747475E-01   -2.19269047E-15    2.05000324E+00    2.82415473E+00    3.35372970E-01
    8.24747475E-01   -2.19269047E-15    2.06669944E+00    2.85271000E+00    3.32642905E-01
    8.24747475E-01   -2.19269047E-15    2.08335294E+00    2.88046380E+00    3.30044879E-01
    8.24747475E-01   -2.19269047E-15    2.10000644E+00    2.90779382E+00    3.27391844E-01
    8.24747475E-01   -2.19269047E-15    2.11670265E+00    2.93480306E+00    3.24748730E-01
    8.24747475E-01   -2.19269047E-15    2.13335615E+00    2.96130760E+00    3.22175704E-01
    8.24747475E-01   -2.19269047E-15    2.15000965E+00    2.98728811E+00    3.19671487E-01
    8.24747475E-01   -2.19269047E-15    2.16670585E+00    3.01286308E+00    3.17152260E-01
    8.24747475E-01   -2.19269047E-15    2.18335935E+00    3.03790205E+00    3.14637998E-01
    8.24747475E-01   -2.19269047E-15    2.20001285E+00    3.06244120E+00    3.12159118E-01
    8.24747475E-01   -2.19269047E-15    2.21670905E+00    3.08654549E+00    3.09722823E-01
    8.24747475E-01   -2.19269047E-15    2.23336255E+00    3.11003117E+00    3.07392631E-01
    8.24747475E-01   -2.19269047E-15    2.25001605E+00    3.13304610E+00    3.05087520E-01
    8.24747475E-01   -2.19269047E-15    2.26666956E+00    3.15563554E+00    3.02784514E-01
    8.24747475E-01   -2.19269047E-15    2.28336576E+00    3.17783053E+00    3.00494909E-01
    8.24747475E-01   -2.19269047E-15    2.30001926E+00    3.19947220E+00    2.98260652E-01
    8.24747475E-01   -2.19269047E-15    2.31667276E+00    3.22064426E+00    2.96057269E-01
    8.24747475E-01   -2.19269047E-15    2.33336896E+00    3.24145380E+00    2.93856528E-01
    8.24747475E-01   -2.19269047E-15    2.35002246E+00    3.26179604E+00    2.91680204E-01
    8.24747475E-01   -2.19269047E-15    2.36667596E+00    3.28169298E+00    2.89542136E-01
    8.24747475E-01   -2.19269047E-15    2.38337216E+00    3.30119435E+00    2.87432205E-01
    8.24747475E-01   -2.19269047E-15    2.40002567E+00    3.32016931E+00    2.85377908E-01
    8.24747475E-01   -2.19269047E-15    2.41667917E+00    3.33869704E+00    2.83348223E-01
    8.24747475E-01   -2.19269047E-15    2.43337537E+00    3.35685509E+00    2.81328615E-01
    8.24747475E-01   -2.19269047E-15    2.45002887E+00    3.37455580E+00    2.79336514E-01
    8.24747475E-01   -2.19269047E-15    2.46668237E+00    3.39182822E+00    2.77381924E-01
    8.24747475E-01   -2.19269047E-15    2.48333587E+00    3.40867593E+00    2.75457820E-01
    8.24747475E-01   -2.19269047E-15    2.50003207E+00    3.42516706E+00    2.73544711E-01
    8.24747475E-01   -2.19269047E-15    2.51668557E+00    3.44123512E+00    2.71647998E-01
    8.24747475E-01   -2.19269047E-15    2.53333907E+00    3.45691116E+00    2.69774143E-01
    8.24747475E-01   -2.19269047E-15    2.55003528E+00    3.47222334E+00    2.67922698E-01
    8.24747475E-01   -2.19269047E-15    2.56668878E+00    3.48710511E+00    2.66097859E-01
    8.24747475E-01   -2.19269047E-15    2.58334228E+00    3.50158639E+00    2.64303099E-01
    8.24747475E-01   -2.19269047E-15    2.60003848E+00    3.51571972E+00    2.62525153E-01
    8.24747475E-01   -2.19269047E-15    2.61669198E+00    3.52944275E+00    2.60770878E-01
    8.24747475E-01   -2.19269047E-15    2.63334548E+00    3.54279740E+00    2.59035536E-01
    8.24747475E-01   -2.19269047E-15    2.65004168E+00    3.55580763E+00    2.57322124E-01
    8.24747475E-01   -2.19269047E-15    2.66669518E+00    3.56841392E+00    2.55635714E-01
    8.24747475E-01   -2.19269047E-15    2.68334868E+00    3.58066514E+00    2.53966195E-01
    8.24747475E-01   -2.19269047E-15    2.70000219E+00    3.59257363E+00    2.52310356E-01
    8.24747475E-01   -2.19269047E-15    2.71669839E+00    3.60417021E+00    2.50667027E-01
    8.24747475E-01   -2.19269047E-15    2.73335189E+00    3.61539028E+00    2.49048762E-01
    8.24747475E-01   -2.19269047E-15    2.75000539E+00    3.62627377E+00    2.47446921E-01
    8.24747475E-01   -2.19269047E-15    2.76670159E+00    3.63684963E+00    2.45859693E-01
    8.24747475E-01   -2.19269047E-15    2.78335509E+00    3.64706441E+00    2.44295873E-01
    8.24747475E-01   -2.19269047E-15    2.80000859E+00    3.65695139E+00    2.42749688E-01
    8.24747475E-01   -2.19269047E-15    2.81670479E+00    3.66654249E+00    2.41215168E-01
    8.24747475E-01   -2.19269047E-15    2.83335829E+00    3.67579320E+00    2.39701160E-01
    8.24747475E-01   -2.19269047E-15    2.85001180E+00    3.68472646E+00    2.38206823E-01
    8.24747475E-01   -2.19269047E-15    2.86670800E+00    3.69337033E+00    2.36726144E-01
    8.24747475E-01   -2.19269047E-15    2.88336150E+00    3.70168924E+00    2.35264131E-01
    8.24747475E-01   -2.19269047E-15    2.90001500E+00    3.70971339E+00    2.33815569E-01
    8.24747475E-01   -2.19269047E-15    2.91666850E+00    3.71744684E+00    2.32381278E-01
    8.24747475E-01   -2.19269047E-15    2.93336470E+00    3.72490920E+00    2.30959087E-01
    8.24747475E-01   -2.19269047E-15    2.95001820E+00    3.73206811E+00    2.29554511E-01
    8.24747475E-01   -2.19269047E-15    2.96667170E+00    3.73894921E+00    2.28163121E-01
    8.24747475E-01   -2.19269047E-15    2.98336791E+00    3.74556977E+00    2.26783146E-01
    8.24747475E-01   -2.19269047E-15    3.00002141E+00    3.75189899E+00    2.25421519E-01
    8.24747475E-01   -2.19269047E-15    3.01667491E+00    3.75795929E+00    2.24073635E-01
    8.24747475E-01   -2.19269047E-15    3.03337111E+00    3.76377212E+00    2.22734747E-01
    8.24747475E-01   -2.19269047E-15    3.05002461E+00    3.76930920E+00    2.21413322E-01
    8.24747475E-01   -2.19269047E-15    3.06667811E+00    3.77458697E+00    2.20106662E-01
    8.24747475E-01   -2.19269047E-15    3.08337431E+00    3.77962292E+00    2.18810354E-01
    8.24747475E-01   -2.19269047E-15    3.10002781E+00    3.78439812E+00    2.17529537E-01
    8.24747475E-01   -2.19269047E-15    3.11668131E+00    3.78893049E+00    2.16260774E-01
    8.24747475E-01   -2.19269047E-15    3.13333481E+00    3.79322359E+00    2.15004271E-01
    8.24747475E-01   -2.19269047E-15    3.15003102E+00    3.79729061E+00    2.13756987E-01
    8.24747475E-01   -2.19269047E-15    3.16668452E+00    3.80111527E+00    2.12524490E-01
    8.24747475E-01   -2.19269047E-15    3.18333802E+00    3.80471388E+00    2.11302692E-01
    8.24747475E-01   -2.19269047E-15    3.20003422E+00    3.80809690E+00    2.10089452E-01
    8.24747475E-01   -2.19269047E-15    3.21668772E+00    3.81124945E+00    2.08891229E-01
    8.24747475E-01   -2.19269047E-15    3.23334122E+00    3.81418412E+00    2.07704419E-01
    8.24747475E-01   -2.19269047E-15    3.25003742E+00    3.81691310E+00    2.06524880E-01
    8.24747475E-01   -2.19269047E-15    3.26669092E+00    3.81942580E+00    2.05358948E-01
    8.24747475E-01   -2.19269047E-15    3.28334443E+00    3.82173104E+00    2.04204406E-01
    8.24747475E-01   -2.19269047E-15    3.30004063E+00    3.82383646E+00    2.03058374E-01
    8.24747475E-01   -2.19269047E-15    3.31669413E+00    3.82573572E+00    2.01925876E-01
    8.24747475E-01   -2.19269047E-15    3.33334763E+00    3.82743933E+00    2.00803307E-01
    8.24747475E-01   -2.19269047E-15    3.35000113E+00    3.82895008E+00    1.99691026E-01
    8.24747475E-01   -2.19269047E-15    3.36669733E+00    3.83027405E+00    1.98586213E-01
    8.24747475E-01   -2.19269047E-15    3.38335083E+00    3.83140794E+00    1.97494226E-01
    8.24747475E-01   -2.19269047E-15    3.40000433E+00    3.83235933E+00    1.96411695E-01
    8.24747475E-01   -2.19269047E-15    3.41670054E+00    3.83313416E+00    1.95335413E-01
    8.24747475E-01   -2.19269047E-15    3.43335404E+00    3.83373087E+00    1.94271310E-01
    8.24747475E-01   -2.19269047E-15    3.45000754E+00    3.83415401E+00    1.93216780E-01
    8.24747475E-01   -2.19269047E-15    3.46670374E+00    3.83440699E+00    1.92168919E-01
    8.24747475E-01   -2.19269047E-15    3.48335724E+00    3.83449259E+00    1.91132381E-01
    8.24747475E-01   -2.19269047E-15    3.50001074E+00    3.83441510E+00    1.90104328E-01
    8.24747475E-01   -2.19269047E-15    3.51670694E+00    3.83417567E+00    1.89082623E-01
    8.24747475E-01   -2.19269047E-15    3.53336044E+00    3.83377764E+00    1.88072647E-01
    8.24747475E-01   -2.19269047E-15    3.55001394E+00    3.83322347E+00    1.87071491E-01
    8.24747475E-01   -2.19269047E-15    3.56666744E+00    3.83251677E+00    1.86078651E-01
    8.24747475E-01   -2.19269047E-15    3.58336365E+00    3.83165817E+00    1.85091553E-01
    8.24747475E-01   -2.19269047E-15    3.60001715E+00    3.83065411E+00    1.84115544E-01
    8.24747475E-01   -2.19269047E-15    3.61667065E+00    3.82950507E+00    1.83147999E-01
    8.24747475E-01   -2.19269047E-15    3.63336685E+00    3.82821074E+00    1.82186070E-01
    8.24747475E-01   -2.19269047E-15    3.65002035E+00    3.82678096E+00    1.81234360E-01
    8.24747475E-01   -2.19269047E-15    3.66667385E+00    3.82521552E+00    1.80290240E-01
    8.24747475E-01   -2.19269047E-15    3.68337005E+00    3.82351208E+00    1.79351482E-01
    8.24747475E-01   -2.19269047E-15    3.70002355E+00    3.82168155E+00    1.78422915E-01
    8.24747475E-01   -2.19269047E-15    3.71667705E+00    3.81972228E+00    1.77501943E-01
    8.24747475E-01   -2.19269047E-15    3.73337326E+00    3.81763172E+00    1.76585876E-01
    8.24747475E-01   -2.19269047E-15    3.75002676E+00    3.81542334E+00    1.75679205E-01
    8.24747475E-01   -2.19269047E-15    3.76668026E+00    3.81309400E+00    1.74779733E-01
    8.24747475E-01   -2.19269047E-15    3.78333376E+00    3.81064553E+00    1.73887582E-01
    8.24747475E-01   -2.19269047E-15    3.80002996E+00    3.80807341E+00    1.73000368E-01
    8.24747475E-01   -2.19269047E-15    3.81668346E+00    3.80539346E+00    1.72122317E-01
    8.24747475E-01   -2.19269047E-15    3.83333696E+00    3.80260169E+00    1.71251037E-01
    8.24747475E-01   -2.19269047E-15    3.85003316E+00    3.79969248E+00    1.70384414E-01
    8.24747475E-01   -2.19269047E-15    3.86668667E+00    3.79668246E+00    1.69527000E-01
    8.24747475E-01   -2.19269047E-15    3.88334017E+00    3.79356644E+00    1.68676450E-01
    8.24747475E-01   -2.19269047E-15    3.90003637E+00    3.79033857E+00    1.67830303E-01
    8.24747475E-01   -2.19269047E-15    3.91668987E+00    3.78701776E+00    1.66992744E-01
    8.24747475E-01   -2.19269047E-15    3.93334337E+00    3.78359796E+00    1.66161576E-01
    8.24747475E-01   -2.19269047E-15    3.95003957E+00    3.78007190E+00    1.65334723E-01
    8.24747475E-01   -2.19269047E-15    3.96669307E+00    3.77645954E+00    1.64516358E-01
    8.24747475E-01   -2.19269047E-15    3.98334657E+00    3.77275412E+00    1.63704209E-01
    8.24747475E-01   -2.19269047E-15    4.00004278E+00    3.76894790E+00    1.62896062E-01
    8.24747475E-01   -2.19269047E-15    4.01669628E+00    3.76506244E+00    1.62095920E-01
    8.24747475E-01   -2.19269047E-15    4.03334978E+00    3.76108994E+00    1.61301717E-01
    8.24747475E-01   -2.19269047E-15    4.05000328E+00    3.75703205E+00    1.60513476E-01
    8.24747475E-01   -2.19269047E-15    4.06669948E+00    3.75287976E+00    1.59729144E-01
    8.24747475E-01   -2.19269047E-15    4.08335298E+00    3.74865622E+00    1.58952578E-01
    8.24747475E-01   -2.19269047E-15    4.10000648E+00    3.74435288E+00    1.58181620E-01
    8.24747475E-01   -2.19269047E-15    4.11670268E+00    3.73996007E+00    1.57414310E-01
    8.24747475E-01   -2.19269047E-15    4.13335618E+00    3.73550170E+00    1.56654634E-01
    8.24747475E-01   -2.19269047E-15    4.15000968E+00    3.73096816E+00    1.55900609E-01
    8.24747475E-01   -2.19269047E-15    4.16670589E+00    3.72634921E+00    1.55150222E-01
    8.24747475E-01   -2.19269047E-15    4.18335939E+00    3.72167027E+00    1.54407173E-01
    8.24747475E-01   -2.19269047E-15    4.20001289E+00    3.71692131E+00    1.53669469E-01
    8.24747475E-01   -2.19269047E-15    4.21670909E+00    3.71209140E+00    1.52935238E-01
    8.24747475E-01   -2.19269047E-15    4.23336259E+00    3.70720675E+00    1.52208203E-01
    8.24747475E-01   -2.19269047E-15    4.25001609E+00    3.70225667E+00    1.51486404E-01
    8.24747475E-01   -2.19269047E-15    4.26666959E+00    3.69724277E+00    1.50769735E-01
    8.24747475E-01   -2.19269047E-15    4.28336579E+00    3.69215351E+00    1.50056314E-01
    8.24747475E-01   -2.19269047E-15    4.30001930E+00    3.68701645E+00    1.49349726E-01
    8.24747475E-01   -2.19269047E-15    4.31667280E+00    3.68182010E+00    1.48648082E-01
    8.24747475E-01   -2.19269047E-15    4.33336900E+00    3.67655233E+00    1.47949565E-01
    8.24747475E-01   -2.19269047E-15    4.35002250E+00    3.67124145E+00    1.47257706E-01
    8.24747475E-01   -2.19269047E-15    4.36667600E+00    3.66587543E+00    1.46570655E-01
    8.24747475E-01   -2.19269047E-15    4.38337220E+00    3.66044171E+00    1.45886580E-01
    8.24747475E-01   -2.19269047E-15    4.40002570E+00    3.65496944E+00    1.45208916E-01
    8.24747475E-01   -2.19269047E-15    4.41667920E+00    3.64944607E+00    1.44535884E-01
    8.24747475E-01   -2.19269047E-15    4.43337540E+00    3.64385842E+00    1.43865768E-01
    8.24747475E-01   -2.19269047E-15    4.45002891E+00    3.63823627E+00    1.43201962E-01
    8.24747475E-01   -2.19269047E-15    4.46668241E+00    3.63256663E+00    1.42542680E-01
    8.24747475E-01   -2.19269047E-15    4.48333591E+00    3.62685074E+00    1.41887873E-01
    8.24747475E-01   -2.19269047E-15    4.50003211E+00    3.62107491E+00    1.41235857E-01
    8.24747475E-01   -2.19269047E-15    4.51668561E+00    3.61526983E+00    1.40589950E-01
    8.24747475E-01   -2.19269047E-15    4.53333911E+00    3.60942190E+00    1.39948439E-01
    8.24747475E-01   -2.19269047E-15    4.55003531E+00    3.60351715E+00    1.39309635E-01
    8.24747475E-01   -2.19269047E-15    4.56668881E+00    3.59758695E+00    1.38676748E-01
    8.24747475E-01   -2.19269047E-15    4.58334231E+00    3.59161737E+00    1.38048100E-01
    8.24747475E-01   -2.19269047E-15    4.60003852E+00    3.58559404E+00    1.37422070E-01
    8.24747475E-01   -2.19269047E-15    4.61669202E+00    3.57954887E+00    1.36801810E-01
    8.24747475E-01   -2.19269047E-15    4.63334552E+00    3.57346759E+00    1.36185651E-01
    8.24747475E-01   -2.19269047E-15    4.65004172E+00    3.56733557E+00    1.35571978E-01
    8.24747475E-01   -2.19269047E-15    4.66669522E+00    3.56118519E+00    1.34963900E-01
    8.24747475E-01   -2.19269047E-15    4.68334872E+00    3.55500181E+00    1.34359811E-01
    8.24747475E-01   -2.19269047E-15    4.70000222E+00    3.54878645E+00    1.33759658E-01
    8.24747475E-01   -2.19269047E-15    4.71669842E+00    3.54252403E+00    1.33161866E-01
    8.24747475E-01   -2.19269047E-15    4.73335192E+00    3.53624756E+00    1.32569456E-01
    8.24747475E-01   -2.19269047E-15    4.75000543E+00    3.52994196E+00    1.31980870E-01
    8.24747475E-01   -2.19269047E-15    4.76670163E+00    3.52359185E+00    1.31394577E-01
    8.24747475E-01   -2.19269047E-15    4.78335513E+00    3.51723063E+00    1.30813530E-01
    8.24747475E-01   -2.19269047E-15    4.80000863E+00    3.51084297E+00    1.30236184E-01
    8.24747475E-01   -2.19269047E-15    4.81670483E+00    3.50441322E+00    1.29661054E-01
    8.24747475E-01   -2.19269047E-15    4.83335833E+00    3.49797507E+00    1.29091068E-01
    8.24747475E-01   -2.19269047E-15    4.85001183E+00    3.49151290E+00    1.28524724E-01
    8.24747475E-01   -2.19269047E-15    4.86670803E+00    3.48501086E+00    1.27960545E-01
    8.24747475E-01   -2.19269047E-15    4.88336154E+00    3.47850302E+00    1.27401377E-01
    8.24747475E-01   -2.19269047E-15    4.90001504E+00    3.47197356E+00    1.26845747E-01
    8.24747475E-01   -2.19269047E-15    4.91666854E+00    3.46542324E+00    1.26293635E-01
    8.24747475E-01   -2.19269047E-15    4.93336474E+00    3.45883593E+00    1.25743617E-01
    8.24747475E-01   -2.19269047E-15    4.95001824E+00    3.45224609E+00    1.25198467E-01
    8.24747475E-01   -2.19269047E-15    4.96667174E+00    3.44563769E+00    1.24656729E-01
    8.24747475E-01   -2.19269047E-15    4.98336794E+00    3.43899446E+00    1.24116993E-01
    8.24747475E-01   -2.19269047E-15    5.00002144E+00    3.43235112E+00    1.23582000E-01
