    1.00353535E+00    2.70176750E+00    1.66962020E-02    9.99678951E-05   -1.16469453E-03
    1.00353535E+00    2.70176750E+00    3.33497028E-02    9.99343460E-05   -1.79942431E-03
    1.00353535E+00    2.70176750E+00    5.00032035E-02    9.98999475E-05   -2.15455232E-03
    1.00353535E+00    2.70176750E+00    6.66994056E-02    9.98650024E-05   -2.35892810E-03
    1.00353535E+00    2.70176750E+00    8.33529063E-02    9.98299044E-05   -2.48096898E-03
    1.00353535E+00    2.70176750E+00    1.00006407E-01    9.97946824E-05   -2.55876591E-03
    1.00353535E+00    2.70176750E+00    1.16702609E-01    9.97593119E-05   -2.61264282E-03
    1.00353535E+00    2.70176750E+00    1.33356110E-01    9.97240113E-05   -2.65324948E-03
    1.00353535E+00    2.70176750E+00    1.50009611E-01    9.96887124E-05   -2.68662336E-03
    1.00353535E+00    2.70176750E+00    1.66705813E-01    9.96533402E-05   -2.71597229E-03
    1.00353535E+00    2.70176750E+00    1.83359313E-01    9.96180879E-05   -2.74281994E-03
    1.00353535E+00    2.70176750E+00    2.00012814E-01    9.95828648E-05   -2.76830954E-03
    1.00353535E+00    2.70176750E+00    2.16709016E-01    9.95475629E-05   -2.79334762E-03
    1.00353535E+00    2.70176750E+00    2.33362517E-01    9.95123628E-05   -2.81793550E-03
    1.00353535E+00    2.70176750E+00    2.50016018E-01    9.94772620E-05   -2.84069534E-03
    1.00353535E+00    2.70176750E+00    2.66669518E-01    9.94424444E-05   -2.85911999E-03
    1.00353535E+00    2.70176750E+00    2.83365720E-01    9.94079497E-05   -2.87260850E-03
    1.00353535E+00    2.70176750E+00    3.00019221E-01    9.93737530E-05   -2.88613611E-03
    1.00353535E+00    2.70176750E+00    3.16672722E-01    9.93390596E-05   -2.91139549E-03
    1.00353535E+00    2.70176750E+00    3.33368924E-01    9.93027127E-05   -2.96229091E-03
    1.00353535E+00    2.70176750E+00    3.50022425E-01    9.92640041E-05   -3.04545362E-03
    1.00353535E+00    2.70176750E+00    3.66675925E-01    9.92228262E-05   -3.15195244E-03
    1.00353535E+00    2.70176750E+00    3.83372127E-01    9.91804599E-05   -3.25336609E-03
    1.00353535E+00    2.70176750E+00    4.00025628E-01    9.91400221E-05   -3.30455328E-03
    1.00353535E+00    2.70176750E+00    4.16679129E-01    9.91053947E-05   -3.25546014E-03
    1.00353535E+00    2.70176750E+00    4.33375331E-01    9.90808858E-05   -3.06106360E-03
    1.00353535E+00    2.70176750E+00    4.50028832E-01    9.90706002E-05   -2.69268999E-03
    1.00353535E+00    2.70176750E+00    4.66682332E-01    9.90776343E-05   -2.13647843E-03
    1.00353535E+00    2.70176750E+00    4.83335833E-01    9.91044713E-05   -1.38813964E-03
    1.00353535E+00    2.70176750E+00    5.00032035E-01    9.91535460E-05   -4.39790269E-04
    1.00353535E+00    2.70176750E+00    5.16685536E-01    9.92275813E-05    7.23013438E-04
    1.00353535E+00    2.70176750E+00    5.33339037E-01    9.93315248E-05    2.14973962E-03
    1.00353535E+00    2.70176750E+00    5.50035239E-01    9.94737860E-05    3.93485584E-03
    1.00353535E+00    2.70176750E+00    5.66688739E-01    9.96637660E-05    6.17175200E-03
    1.00353535E+00    2.70176750E+00    5.83342240E-01    9.99176747E-05    9.02042459E-03
    1.00353535E+00    2.70176750E+00    6.00038442E-01    1.00250675E-04    1.26057186E-02
    1.00353535E+00    2.70176750E+00    6.16691943E-01    1.00680566E-04    1.70702203E-02
    1.00353535E+00    2.70176750E+00    6.33345444E-01    1.01223644E-04    2.24154541E-02
    1.00353535E+00    2.70176750E+00    6.50041646E-01    1.01886040E-04    2.85982477E-02
    1.00353535E+00    2.70176750E+00    6.66695147E-01    1.02679357E-04    3.56229438E-02
    1.00353535E+00    2.70176750E+00    6.83348647E-01    1.03598133E-04    4.26301539E-02
    1.00353535E+00    2.70176750E+00    7.00002148E-01    1.04625670E-04    4.95106930E-02
    1.00353535E+00    2.70176750E+00    7.16698350E-01    1.05798233E-04    5.77133423E-02
    1.00353535E+00    2.70176750E+00    7.33351851E-01    1.07259491E-04    6.97897349E-02
    1.00353535E+00    2.70176750E+00    7.50005352E-01    1.09167907E-04    8.64083231E-02
    1.00353535E+00    2.70176750E+00    7.66701554E-01    1.11695077E-04    1.06292359E-01
    1.00353535E+00    2.70176750E+00    7.83355054E-01    1.14955852E-04    1.26619323E-01
    1.00353535E+00    2.70176750E+00    8.00008555E-01    1.18874573E-04    1.48442372E-01
    1.00353535E+00    2.70176750E+00    8.16704757E-01    1.23378610E-04    1.72879125E-01
    1.00353535E+00    2.70176750E+00    8.33358258E-01    1.28517146E-04    1.99139625E-01
    1.00353535E+00    2.70176750E+00    8.50011759E-01    1.34482203E-04    2.25550613E-01
    1.00353535E+00    2.70176750E+00    8.66707961E-01    1.41380060E-04    2.51902105E-01
    1.00353535E+00    2.70176750E+00    8.83361461E-01    1.49191360E-04    2.78588140E-01
    1.00353535E+00    2.70176750E+00    9.00014962E-01    1.58028430E-04    3.04949707E-01
    1.00353535E+00    2.70176750E+00    9.16668463E-01    1.68010765E-04    3.30229956E-01
    1.00353535E+00    2.70176750E+00    9.33364665E-01    1.79268398E-04    3.54032671E-01
    1.00353535E+00    2.70176750E+00    9.50018166E-01    1.91779294E-04    3.76468991E-01
    1.00353535E+00    2.70176750E+00    9.66671666E-01    2.05643993E-04    3.97309427E-01
    1.00353535E+00    2.70176750E+00    9.83367868E-01    2.20992222E-04    4.16310577E-01
    1.00353535E+00    2.70176750E+00    1.00002137E+00    2.37837072E-04    4.33199513E-01
    1.00353535E+00    2.70176750E+00    1.01667487E+00    2.56270125E-04    4.48213467E-01
    1.00353535E+00    2.70176750E+00    1.03337107E+00    2.76405304E-04    4.61457526E-01
    1.00353535E+00    2.70176750E+00    1.05002457E+00    2.98204776E-04    4.72919848E-01
    1.00353535E+00    2.70176750E+00    1.06667807E+00    3.21795407E-04    4.82643972E-01
    1.00353535E+00    2.70176750E+00    1.08337428E+00    3.47305911E-04    4.90798991E-01
    1.00353535E+00    2.70176750E+00    1.10002778E+00    3.74659905E-04    4.97495825E-01
    1.00353535E+00    2.70176750E+00    1.11668128E+00    4.03969427E-04    5.02908459E-01
    1.00353535E+00    2.70176750E+00    1.13333478E+00    4.35287951E-04    5.07141344E-01
    1.00353535E+00    2.70176750E+00    1.15003098E+00    4.68758380E-04    5.10299562E-01
    1.00353535E+00    2.70176750E+00    1.16668448E+00    5.04256687E-04    5.12485629E-01
    1.00353535E+00    2.70176750E+00    1.18333798E+00    5.41907482E-04    5.13824376E-01
    1.00353535E+00    2.70176750E+00    1.20003418E+00    5.81852012E-04    5.14426572E-01
    1.00353535E+00    2.70176750E+00    1.21668768E+00    6.23922673E-04    5.14373566E-01
    1.00353535E+00    2.70176750E+00    1.23334118E+00    6.68254691E-04    5.13741376E-01
    1.00353535E+00    2.70176750E+00    1.25003739E+00    7.15002716E-04    5.12597369E-01
    1.00353535E+00    2.70176750E+00    1.26669089E+00    7.63955682E-04    5.11014091E-01
    1.00353535E+00    2.70176750E+00    1.28334439E+00    8.15253218E-04    5.09052513E-01
    1.00353535E+00    2.70176750E+00    1.30004059E+00    8.69056383E-04    5.06759566E-01
    1.00353535E+00    2.70176750E+00    1.31669409E+00    9.25109174E-04    5.04190805E-01
    1.00353535E+00    2.70176750E+00    1.33334759E+00    9.83562945E-04    5.01379659E-01
    1.00353535E+00    2.70176750E+00    1.35000109E+00    1.04443175E-03    4.98361062E-01
    1.00353535E+00    2.70176750E+00    1.36669729E+00    1.10789173E-03    4.95158910E-01
    1.00353535E+00    2.70176750E+00    1.38335080E+00    1.17362541E-03    4.91819347E-01
    1.00353535E+00    2.70176750E+00    1.40000430E+00    1.24179700E-03    4.88359295E-01
    1.00353535E+00    2.70176750E+00    1.41670050E+00    1.31259387E-03    4.84790694E-01
    1.00353535E+00    2.70176750E+00    1.43335400E+00    1.38565507E-03    4.81150191E-01
    1.00353535E+00    2.70176750E+00    1.45000750E+00    1.46115773E-03    4.77444846E-01
    1.00353535E+00    2.70176750E+00    1.46670370E+00    1.53930166E-03    4.73679667E-01
    1.00353535E+00    2.70176750E+00    1.48335720E+00    1.61968158E-03    4.69887408E-01
    1.00353535E+00    2.70176750E+00    1.50001070E+00    1.70248696E-03    4.66070160E-01
    1.00353535E+00    2.70176750E+00    1.51670691E+00    1.78793069E-03    4.62228067E-01
    1.00353535E+00    2.70176750E+00    1.53336041E+00    1.87556554E-03    4.58389315E-01
    1.00353535E+00    2.70176750E+00    1.55001391E+00    1.96559538E-03    4.54551290E-01
    1.00353535E+00    2.70176750E+00    1.56666741E+00    2.05800700E-03    4.50720215E-01
    1.00353535E+00    2.70176750E+00    1.58336361E+00    2.15303134E-03    4.46891886E-01
    1.00353535E+00    2.70176750E+00    1.60001711E+00    2.25016544E-03    4.43090687E-01
    1.00353535E+00    2.70176750E+00    1.61667061E+00    2.34963092E-03    4.39310861E-01
    1.00353535E+00    2.70176750E+00    1.63336681E+00    2.45167198E-03    4.35546242E-01
    1.00353535E+00    2.70176750E+00    1.65002031E+00    2.55574575E-03    4.31818972E-01
    1.00353535E+00    2.70176750E+00    1.66667381E+00    2.66208832E-03    4.28121779E-01
    1.00353535E+00    2.70176750E+00    1.68337002E+00    2.77095795E-03    4.24447363E-01
    1.00353535E+00    2.70176750E+00    1.70002352E+00    2.88177349E-03    4.20816310E-01
    1.00353535E+00    2.70176750E+00    1.71667702E+00    2.99478518E-03    4.17220700E-01
    1.00353535E+00    2.70176750E+00    1.73337322E+00    3.11026488E-03    4.13652710E-01
    1.00353535E+00    2.70176750E+00    1.75002672E+00    3.22759472E-03    4.10131615E-01
    1.00353535E+00    2.70176750E+00    1.76668022E+00    3.34703947E-03    4.06649048E-01
    1.00353535E+00    2.70176750E+00    1.78333372E+00    3.46857069E-03    4.03205617E-01
    1.00353535E+00    2.70176750E+00    1.80002992E+00    3.59247894E-03    3.99793107E-01
    1.00353535E+00    2.70176750E+00    1.81668342E+00    3.71810075E-03    3.96429330E-01
    1.00353535E+00    2.70176750E+00    1.83333693E+00    3.84572031E-03    3.93105757E-01
    1.00353535E+00    2.70176750E+00    1.85003313E+00    3.97564182E-03    3.89814181E-01
    1.00353535E+00    2.70176750E+00    1.86668663E+00    4.10716967E-03    3.86571505E-01
    1.00353535E+00    2.70176750E+00    1.88334013E+00    4.24060231E-03    3.83369238E-01
    1.00353535E+00    2.70176750E+00    1.90003633E+00    4.37625750E-03    3.80199214E-01
    1.00353535E+00    2.70176750E+00    1.91668983E+00    4.51340947E-03    3.77077461E-01
    1.00353535E+00    2.70176750E+00    1.93334333E+00    4.65237080E-03    3.73995586E-01
    1.00353535E+00    2.70176750E+00    1.95003953E+00    4.79347247E-03    3.70945563E-01
    1.00353535E+00    2.70176750E+00    1.96669304E+00    4.93596037E-03    3.67942682E-01
    1.00353535E+00    2.70176750E+00    1.98334654E+00    5.08016072E-03    3.64978751E-01
    1.00353535E+00    2.70176750E+00    2.00004274E+00    5.22641729E-03    3.62045961E-01
    1.00353535E+00    2.70176750E+00    2.01669624E+00    5.37394948E-03    3.59158924E-01
    1.00353535E+00    2.70176750E+00    2.03334974E+00    5.52309671E-03    3.56309640E-01
    1.00353535E+00    2.70176750E+00    2.05000324E+00    5.67382635E-03    3.53497613E-01
    1.00353535E+00    2.70176750E+00    2.06669944E+00    5.82649832E-03    3.50715291E-01
    1.00353535E+00    2.70176750E+00    2.08335294E+00    5.98029948E-03    3.47976484E-01
    1.00353535E+00    2.70176750E+00    2.10000644E+00    6.13558675E-03    3.45273672E-01
    1.00353535E+00    2.70176750E+00    2.11670265E+00    6.29273280E-03    3.42599703E-01
    1.00353535E+00    2.70176750E+00    2.13335615E+00    6.45090288E-03    3.39967848E-01
    1.00353535E+00    2.70176750E+00    2.15000965E+00    6.61046614E-03    3.37370743E-01
    1.00353535E+00    2.70176750E+00    2.16670585E+00    6.77180589E-03    3.34801303E-01
    1.00353535E+00    2.70176750E+00    2.18335935E+00    6.93406564E-03    3.32272075E-01
    1.00353535E+00    2.70176750E+00    2.20001285E+00    7.09762515E-03    3.29775841E-01
    1.00353535E+00    2.70176750E+00    2.21670905E+00    7.26287763E-03    3.27305732E-01
    1.00353535E+00    2.70176750E+00    2.23336255E+00    7.42894686E-03    3.24873811E-01
    1.00353535E+00    2.70176750E+00    2.25001605E+00    7.59622321E-03    3.22473163E-01
    1.00353535E+00    2.70176750E+00    2.26666956E+00    7.76467624E-03    3.20103246E-01
    1.00353535E+00    2.70176750E+00    2.28336576E+00    7.93471205E-03    3.17757570E-01
    1.00353535E+00    2.70176750E+00    2.30001926E+00    8.10543087E-03    3.15447613E-01
    1.00353535E+00    2.70176750E+00    2.31667276E+00    8.27723642E-03    3.13166829E-01
    1.00353535E+00    2.70176750E+00    2.33336896E+00    8.45054389E-03    3.10908984E-01
    1.00353535E+00    2.70176750E+00    2.35002246E+00    8.62443768E-03    3.08685139E-01
    1.00353535E+00    2.70176750E+00    2.36667596E+00    8.79933092E-03    3.06489005E-01
    1.00353535E+00    2.70176750E+00    2.38337216E+00    8.97564734E-03    3.04314585E-01
    1.00353535E+00    2.70176750E+00    2.40002567E+00    9.15245688E-03    3.02172535E-01
    1.00353535E+00    2.70176750E+00    2.41667917E+00    9.33018146E-03    3.00056806E-01
    1.00353535E+00    2.70176750E+00    2.43337537E+00    9.50925273E-03    2.97961630E-01
    1.00353535E+00    2.70176750E+00    2.45002887E+00    9.68872760E-03    2.95897289E-01
    1.00353535E+00    2.70176750E+00    2.46668237E+00    9.86903621E-03    2.93857969E-01
    1.00353535E+00    2.70176750E+00    2.48333587E+00    1.00501522E-02    2.91843252E-01
    1.00353535E+00    2.70176750E+00    2.50003207E+00    1.02325169E-02    2.89847654E-01
    1.00353535E+00    2.70176750E+00    2.51668557E+00    1.04151719E-02    2.87880984E-01
    1.00353535E+00    2.70176750E+00    2.53333907E+00    1.05985575E-02    2.85937719E-01
    1.00353535E+00    2.70176750E+00    2.55003528E+00    1.07831216E-02    2.84012590E-01
    1.00353535E+00    2.70176750E+00    2.56668878E+00    1.09678960E-02    2.82115076E-01
    1.00353535E+00    2.70176750E+00    2.58334228E+00    1.11533278E-02    2.80239862E-01
    1.00353535E+00    2.70176750E+00    2.60003848E+00    1.13398712E-02    2.78381866E-01
    1.00353535E+00    2.70176750E+00    2.61669198E+00    1.15265489E-02    2.76550233E-01
    1.00353535E+00    2.70176750E+00    2.63334548E+00    1.17138142E-02    2.74739833E-01
    1.00353535E+00    2.70176750E+00    2.65004168E+00    1.19021269E-02    2.72945760E-01
    1.00353535E+00    2.70176750E+00    2.66669518E+00    1.20905016E-02    2.71176858E-01
    1.00353535E+00    2.70176750E+00    2.68334868E+00    1.22793977E-02    2.69428189E-01
    1.00353535E+00    2.70176750E+00    2.70000219E+00    1.24687938E-02    2.67699445E-01
    1.00353535E+00    2.70176750E+00    2.71669839E+00    1.26591568E-02    2.65985967E-01
    1.00353535E+00    2.70176750E+00    2.73335189E+00    1.28494925E-02    2.64296227E-01
    1.00353535E+00    2.70176750E+00    2.75000539E+00    1.30402673E-02    2.62625531E-01
    1.00353535E+00    2.70176750E+00    2.76670159E+00    1.32319526E-02    2.60969380E-01
    1.00353535E+00    2.70176750E+00    2.78335509E+00    1.34235487E-02    2.59335956E-01
    1.00353535E+00    2.70176750E+00    2.80000859E+00    1.36155265E-02    2.57720710E-01
    1.00353535E+00    2.70176750E+00    2.81670479E+00    1.38083609E-02    2.56119272E-01
    1.00353535E+00    2.70176750E+00    2.83335829E+00    1.40010473E-02    2.54539539E-01
    1.00353535E+00    2.70176750E+00    2.85001180E+00    1.41940603E-02    2.52977099E-01
    1.00353535E+00    2.70176750E+00    2.86670800E+00    1.43878780E-02    2.51427722E-01
    1.00353535E+00    2.70176750E+00    2.88336150E+00    1.45814916E-02    2.49899050E-01
    1.00353535E+00    2.70176750E+00    2.90001500E+00    1.47753788E-02    2.48386821E-01
    1.00353535E+00    2.70176750E+00    2.91666850E+00    1.49695228E-02    2.46890761E-01
    1.00353535E+00    2.70176750E+00    2.93336470E+00    1.51644055E-02    2.45406830E-01
    1.00353535E+00    2.70176750E+00    2.95001820E+00    1.53590135E-02    2.43942357E-01
    1.00353535E+00    2.70176750E+00    2.96667170E+00    1.55538286E-02    2.42493271E-01
    1.00353535E+00    2.70176750E+00    2.98336791E+00    1.57493351E-02    2.41055674E-01
    1.00353535E+00    2.70176750E+00    3.00002141E+00    1.59445174E-02    2.39636676E-01
    1.00353535E+00    2.70176750E+00    3.01667491E+00    1.61398599E-02    2.38232346E-01
    1.00353535E+00    2.70176750E+00    3.03337111E+00    1.63358488E-02    2.36838911E-01
    1.00353535E+00    2.70176750E+00    3.05002461E+00    1.65314669E-02    2.35463268E-01
    1.00353535E+00    2.70176750E+00    3.06667811E+00    1.67272006E-02    2.34101614E-01
    1.00353535E+00    2.70176750E+00    3.08337431E+00    1.69235379E-02    2.32750291E-01
    1.00353535E+00    2.70176750E+00    3.10002781E+00    1.71194606E-02    2.31415996E-01
    1.00353535E+00    2.70176750E+00    3.11668131E+00    1.73154568E-02    2.30095051E-01
    1.00353535E+00    2.70176750E+00    3.13333481E+00    1.75115132E-02    2.28787259E-01
    1.00353535E+00    2.70176750E+00    3.15003102E+00    1.77081196E-02    2.27489121E-01
    1.00353535E+00    2.70176750E+00    3.16668452E+00    1.79042573E-02    2.26207085E-01
    1.00353535E+00    2.70176750E+00    3.18333802E+00    1.81004167E-02    2.24937622E-01
    1.00353535E+00    2.70176750E+00    3.20003422E+00    1.82970882E-02    2.23677340E-01
    1.00353535E+00    2.70176750E+00    3.21668772E+00    1.84932538E-02    2.22432502E-01
    1.00353535E+00    2.70176750E+00    3.23334122E+00    1.86894046E-02    2.21199689E-01
    1.00353535E+00    2.70176750E+00    3.25003742E+00    1.88860318E-02    2.19975612E-01
    1.00353535E+00    2.70176750E+00    3.26669092E+00    1.90821183E-02    2.18766364E-01
    1.00353535E+00    2.70176750E+00    3.28334443E+00    1.92781561E-02    2.17568638E-01
    1.00353535E+00    2.70176750E+00    3.30004063E+00    1.94746367E-02    2.16379250E-01
    1.00353535E+00    2.70176750E+00    3.31669413E+00    1.96705448E-02    2.15204124E-01
    1.00353535E+00    2.70176750E+00    3.33334763E+00    1.98663726E-02    2.14040051E-01
    1.00353535E+00    2.70176750E+00    3.35000113E+00    2.00621102E-02    2.12886880E-01
    1.00353535E+00    2.70176750E+00    3.36669733E+00    2.02582493E-02    2.11741551E-01
    1.00353535E+00    2.70176750E+00    3.38335083E+00    2.04537772E-02    2.10609778E-01
    1.00353535E+00    2.70176750E+00    3.40000433E+00    2.06491865E-02    2.09488478E-01
    1.00353535E+00    2.70176750E+00    3.41670054E+00    2.08449687E-02    2.08374681E-01
    1.00353535E+00    2.70176750E+00    3.43335404E+00    2.10401138E-02    2.07273954E-01
    1.00353535E+00    2.70176750E+00    3.45000754E+00    2.12351143E-02    2.06183307E-01
    1.00353535E+00    2.70176750E+00    3.46670374E+00    2.14304614E-02    2.05099852E-01
    1.00353535E+00    2.70176750E+00    3.48335724E+00    2.16251477E-02    2.04028999E-01
    1.00353535E+00    2.70176750E+00    3.50001074E+00    2.18196654E-02    2.02967834E-01
    1.00353535E+00    2.70176750E+00    3.51670694E+00    2.20145046E-02    2.01913544E-01
    1.00353535E+00    2.70176750E+00    3.53336044E+00    2.22086614E-02    2.00871396E-01
    1.00353535E+00    2.70176750E+00    3.55001394E+00    2.24026269E-02    1.99838556E-01
    1.00353535E+00    2.70176750E+00    3.56666744E+00    2.25963941E-02    1.98814904E-01
    1.00353535E+00    2.70176750E+00    3.58336365E+00    2.27904519E-02    1.97797730E-01
    1.00353535E+00    2.70176750E+00    3.60001715E+00    2.29838009E-02    1.96792118E-01
    1.00353535E+00    2.70176750E+00    3.61667065E+00    2.31769312E-02    1.95795339E-01
    1.00353535E+00    2.70176750E+00    3.63336685E+00    2.33703305E-02    1.94804753E-01
    1.00353535E+00    2.70176750E+00    3.65002035E+00    2.35630031E-02    1.93825311E-01
    1.00353535E+00    2.70176750E+00    3.66667385E+00    2.37554377E-02    1.92854351E-01
    1.00353535E+00    2.70176750E+00    3.68337005E+00    2.39481207E-02    1.91889298E-01
    1.00353535E+00    2.70176750E+00    3.70002355E+00    2.41400602E-02    1.90934976E-01
    1.00353535E+00    2.70176750E+00    3.71667705E+00    2.43317435E-02    1.89988796E-01
    1.00353535E+00    2.70176750E+00    3.73337326E+00    2.45236555E-02    1.89048258E-01
    1.00353535E+00    2.70176750E+00    3.75002676E+00    2.47148087E-02    1.88118068E-01
    1.00353535E+00    2.70176750E+00    3.76668026E+00    2.49056890E-02    1.87195710E-01
    1.00353535E+00    2.70176750E+00    3.78333376E+00    2.50962910E-02    1.86281083E-01
    1.00353535E+00    2.70176750E+00    3.80002996E+00    2.52870971E-02    1.85371771E-01
    1.00353535E+00    2.70176750E+00    3.81668346E+00    2.54771264E-02    1.84472331E-01
    1.00353535E+00    2.70176750E+00    3.83333696E+00    2.56668623E-02    1.83580332E-01
    1.00353535E+00    2.70176750E+00    3.85003316E+00    2.58567853E-02    1.82693417E-01
    1.00353535E+00    2.70176750E+00    3.86668667E+00    2.60459192E-02    1.81816028E-01
    1.00353535E+00    2.70176750E+00    3.88334017E+00    2.62347455E-02    1.80945795E-01
    1.00353535E+00    2.70176750E+00    3.90003637E+00    2.64237429E-02    1.80080427E-01
    1.00353535E+00    2.70176750E+00    3.91668987E+00    2.66119402E-02    1.79224269E-01
    1.00353535E+00    2.70176750E+00    3.93334337E+00    2.67998173E-02    1.78375019E-01
    1.00353535E+00    2.70176750E+00    3.95003957E+00    2.69878509E-02    1.77530449E-01
    1.00353535E+00    2.70176750E+00    3.96669307E+00    2.71750753E-02    1.76694796E-01
    1.00353535E+00    2.70176750E+00    3.98334657E+00    2.73619680E-02    1.75865807E-01
    1.00353535E+00    2.70176750E+00    4.00004278E+00    2.75490034E-02    1.75041299E-01
    1.00353535E+00    2.70176750E+00    4.01669628E+00    2.77352211E-02    1.74225411E-01
    1.00353535E+00    2.70176750E+00    4.03334978E+00    2.79210967E-02    1.73415953E-01
    1.00353535E+00    2.70176750E+00    4.05000328E+00    2.81066270E-02    1.72612852E-01
    1.00353535E+00    2.70176750E+00    4.06669948E+00    2.82922832E-02    1.71814003E-01
    1.00353535E+00    2.70176750E+00    4.08335298E+00    2.84771128E-02    1.71023419E-01
    1.00353535E+00    2.70176750E+00    4.10000648E+00    2.86615880E-02    1.70238976E-01
    1.00353535E+00    2.70176750E+00    4.11670268E+00    2.88461778E-02    1.69458613E-01
    1.00353535E+00    2.70176750E+00    4.13335618E+00    2.90299351E-02    1.68686254E-01
    1.00353535E+00    2.70176750E+00    4.15000968E+00    2.92133300E-02    1.67919829E-01
    1.00353535E+00    2.70176750E+00    4.16670589E+00    2.93968290E-02    1.67157334E-01
    1.00353535E+00    2.70176750E+00    4.18335939E+00    2.95794911E-02    1.66402607E-01
    1.00353535E+00    2.70176750E+00    4.20001289E+00    2.97617840E-02    1.65653629E-01
    1.00353535E+00    2.70176750E+00    4.21670909E+00    2.99441714E-02    1.64908435E-01
    1.00353535E+00    2.70176750E+00    4.23336259E+00    3.01257183E-02    1.64170771E-01
    1.00353535E+00    2.70176750E+00    4.25001609E+00    3.03068896E-02    1.63438656E-01
    1.00353535E+00    2.70176750E+00    4.26666959E+00    3.04876831E-02    1.62712022E-01
    1.00353535E+00    2.70176750E+00    4.28336579E+00    3.06685590E-02    1.61988965E-01
    1.00353535E+00    2.70176750E+00    4.30001930E+00    3.08485903E-02    1.61273130E-01
    1.00353535E+00    2.70176750E+00    4.31667280E+00    3.10282386E-02    1.60562611E-01
    1.00353535E+00    2.70176750E+00    4.33336900E+00    3.12079616E-02    1.59855553E-01
    1.00353535E+00    2.70176750E+00    4.35002250E+00    3.13868385E-02    1.59155520E-01
    1.00353535E+00    2.70176750E+00    4.36667600E+00    3.15653281E-02    1.58460640E-01
    1.00353535E+00    2.70176750E+00    4.38337220E+00    3.17438852E-02    1.57769095E-01
    1.00353535E+00    2.70176750E+00    4.40002570E+00    3.19215950E-02    1.57084362E-01
    1.00353535E+00    2.70176750E+00    4.41667920E+00    3.20989132E-02    1.56404606E-01
    1.00353535E+00    2.70176750E+00    4.43337540E+00    3.22762917E-02    1.55728049E-01
    1.00353535E+00    2.70176750E+00    4.45002891E+00    3.24528221E-02    1.55058099E-01
    1.00353535E+00    2.70176750E+00    4.46668241E+00    3.26289573E-02    1.54392973E-01
    1.00353535E+00    2.70176750E+00    4.48333591E+00    3.28046966E-02    1.53732623E-01
    1.00353535E+00    2.70176750E+00    4.50003211E+00    3.29804880E-02    1.53075323E-01
    1.00353535E+00    2.70176750E+00    4.51668561E+00    3.31554315E-02    1.52424385E-01
    1.00353535E+00    2.70176750E+00    4.53333911E+00    3.33299763E-02    1.51778074E-01
    1.00353535E+00    2.70176750E+00    4.55003531E+00    3.35045676E-02    1.51134701E-01
    1.00353535E+00    2.70176750E+00    4.56668881E+00    3.36783117E-02    1.50497509E-01
    1.00353535E+00    2.70176750E+00    4.58334231E+00    3.38516549E-02    1.49864797E-01
    1.00353535E+00    2.70176750E+00    4.60003852E+00    3.40250393E-02    1.49234911E-01
    1.00353535E+00    2.70176750E+00    4.61669202E+00    3.41975775E-02    1.48611025E-01
    1.00353535E+00    2.70176750E+00    4.63334552E+00    3.43697128E-02    1.47991480E-01
    1.00353535E+00    2.70176750E+00    4.65004172E+00    3.45418847E-02    1.47374664E-01
    1.00353535E+00    2.70176750E+00    4.66669522E+00    3.47132121E-02    1.46763687E-01
    1.00353535E+00    2.70176750E+00    4.68334872E+00    3.48841354E-02    1.46156920E-01
    1.00353535E+00    2.70176750E+00    4.70000222E+00    3.50546541E-02    1.45554318E-01
    1.00353535E+00    2.70176750E+00    4.71669842E+00    3.52252037E-02    1.44954308E-01
    1.00353535E+00    2.70176750E+00    4.73335192E+00    3.53949113E-02    1.44359917E-01
    1.00353535E+00    2.70176750E+00    4.75000543E+00    3.55642136E-02    1.43769568E-01
    1.00353535E+00    2.70176750E+00    4.76670163E+00    3.57335430E-02    1.43181723E-01
    1.00353535E+00    2.70176750E+00    4.78335513E+00    3.59020332E-02    1.42599351E-01
    1.00353535E+00    2.70176750E+00    4.80000863E+00    3.60701177E-02    1.42020903E-01
    1.00353535E+00    2.70176750E+00    4.81670483E+00    3.62382260E-02    1.41444873E-01
    1.00353535E+00    2.70176750E+00    4.83335833E+00    3.64054981E-02    1.40874168E-01
    1.00353535E+00    2.70176750E+00    4.85001183E+00    3.65723645E-02    1.40307271E-01
    1.00353535E+00    2.70176750E+00    4.86670803E+00    3.67392516E-02    1.39742700E-01
    1.00353535E+00    2.70176750E+00    4.88336154E+00    3.69053056E-02    1.39183306E-01
    1.00353535E+00    2.70176750E+00    4.90001504E+00    3.70709539E-02    1.38627602E-01
    1.00353535E+00    2.70176750E+00    4.91666854E+00    3.72361969E-02    1.38075558E-01
    1.00353535E+00    2.70176750E+00    4.93336474E+00    3.74014568E-02    1.37525741E-01
    1.00353535E+00    2.70176750E+00    4.95001824E+00    3.75658889E-02    1.36980931E-01
    1.00353535E+00    2.70176750E+00    4.96667174E+00    3.77299167E-02    1.36439687E-01
    1.00353535E+00    2.70176750E+00    4.98336794E+00    3.78939595E-02    1.35900600E-01
    1.00353535E+00    2.70176750E+00    5.00002144E+00    3.80571787E-02    1.35366394E-01
