    1.00353535E+00    2.51327209E-01    1.66962020E-02    9.99678951E-05   -1.16469453E-03
    1.00353535E+00    2.51327209E-01    3.33497028E-02    9.99343460E-05   -1.79942431E-03
    1.00353535E+00    2.51327209E-01    5.00032035E-02    9.98999475E-05   -2.15455232E-03
    1.00353535E+00    2.51327209E-01    6.66994056E-02    9.98650024E-05   -2.35892810E-03
    1.00353535E+00    2.51327209E-01    8.33529063E-02    9.98299044E-05   -2.48096898E-03
    1.00353535E+00    2.51327209E-01    1.00006407E-01    9.97946824E-05   -2.55876591E-03
    1.00353535E+00    2.51327209E-01    1.16702609E-01    9.97593119E-05   -2.61264282E-03
    1.00353535E+00    2.51327209E-01    1.33356110E-01    9.97240113E-05   -2.65324948E-03
    1.00353535E+00    2.51327209E-01    1.50009611E-01    9.96887124E-05   -2.68662336E-03
    1.00353535E+00    2.51327209E-01    1.66705813E-01    9.96533402E-05   -2.71597229E-03
    1.00353535E+00    2.51327209E-01    1.83359313E-01    9.96180879E-05   -2.74281988E-03
    1.00353535E+00    2.51327209E-01    2.00012814E-01    9.95828648E-05   -2.76830930E-03
    1.00353535E+00    2.51327209E-01    2.16709016E-01    9.95475628E-05   -2.79334916E-03
    1.00353535E+00    2.51327209E-01    2.33362517E-01    9.95123624E-05   -2.81794229E-03
    1.00353535E+00    2.51327209E-01    2.50016018E-01    9.94772624E-05   -2.84068271E-03
    1.00353535E+00    2.51327209E-01    2.66669518E-01    9.94424510E-05   -2.85900297E-03
    1.00353535E+00    2.51327209E-01    2.83365720E-01    9.94079628E-05   -2.87243815E-03
    1.00353535E+00    2.51327209E-01    3.00019221E-01    9.93737293E-05   -2.88671552E-03
    1.00353535E+00    2.51327209E-01    3.16672722E-01    9.93388775E-05   -2.91454903E-03
    1.00353535E+00    2.51327209E-01    3.33368924E-01    9.93022775E-05   -2.96858009E-03
    1.00353535E+00    2.51327209E-01    3.50022425E-01    9.92636706E-05   -3.04732984E-03
    1.00353535E+00    2.51327209E-01    3.66675925E-01    9.92239881E-05   -3.12673764E-03
    1.00353535E+00    2.51327209E-01    3.83372127E-01    9.91853524E-05   -3.17267803E-03
    1.00353535E+00    2.51327209E-01    4.00025628E-01    9.91488503E-05   -3.18611690E-03
    1.00353535E+00    2.51327209E-01    4.16679129E-01    9.91098959E-05   -3.25744345E-03
    1.00353535E+00    2.51327209E-01    4.33375331E-01    9.90573315E-05   -3.55188310E-03
    1.00353535E+00    2.51327209E-01    4.50028832E-01    9.89842158E-05   -4.10011792E-03
    1.00353535E+00    2.51327209E-01    4.66682332E-01    9.89179305E-05   -4.30856492E-03
    1.00353535E+00    2.51327209E-01    4.83335833E-01    9.89675858E-05   -2.34082916E-03
    1.00353535E+00    2.51327209E-01    5.00032035E-01    9.93500409E-05    4.87625698E-03
    1.00353535E+00    2.51327209E-01    5.16685536E-01    1.00315813E-04    1.97863496E-02
    1.00353535E+00    2.51327209E-01    5.33339037E-01    1.01988712E-04    4.07747611E-02
    1.00353535E+00    2.51327209E-01    5.50035239E-01    1.06886515E-04    1.11825760E-01
    1.00353535E+00    2.51327209E-01    5.66688739E-01    1.24891994E-04    3.23168674E-01
    1.00353535E+00    2.51327209E-01    5.83342240E-01    1.72545514E-04    6.38713425E-01
    1.00353535E+00    2.51327209E-01    6.00038442E-01    2.73629343E-04    9.22927450E-01
    1.00353535E+00    2.51327209E-01    6.16691943E-01    4.62419494E-04    1.09435960E+00
    1.00353535E+00    2.51327209E-01    6.33345444E-01    7.84571476E-04    1.17377264E+00
    1.00353535E+00    2.51327209E-01    6.50041646E-01    1.29824404E-03    1.19848054E+00
    1.00353535E+00    2.51327209E-01    6.66695147E-01    2.06734755E-03    1.19512933E+00
    1.00353535E+00    2.51327209E-01    6.83348647E-01    3.16845377E-03    1.17810601E+00
    1.00353535E+00    2.51327209E-01    7.00002148E-01    4.68462929E-03    1.15475605E+00
    1.00353535E+00    2.51327209E-01    7.16698350E-01    6.71086706E-03    1.12868121E+00
    1.00353535E+00    2.51327209E-01    7.33351851E-01    9.33036058E-03    1.10188527E+00
    1.00353535E+00    2.51327209E-01    7.50005352E-01    1.26435834E-02    1.07525300E+00
    1.00353535E+00    2.51327209E-01    7.66701554E-01    1.67591334E-02    1.04919939E+00
    1.00353535E+00    2.51327209E-01    7.83355054E-01    2.17526474E-02    1.02409081E+00
    1.00353535E+00    2.51327209E-01    8.00008555E-01    2.77282164E-02    9.99959115E-01
    1.00353535E+00    2.51327209E-01    8.16704757E-01    3.47969352E-02    9.76773654E-01
    1.00353535E+00    2.51327209E-01    8.33358258E-01    4.30102950E-02    9.54641513E-01
    1.00353535E+00    2.51327209E-01    8.50011759E-01    5.24674464E-02    9.33469911E-01
    1.00353535E+00    2.51327209E-01    8.66707961E-01    6.32745877E-02    9.13165608E-01
    1.00353535E+00    2.51327209E-01    8.83361461E-01    7.54471403E-02    8.93785423E-01
    1.00353535E+00    2.51327209E-01    9.00014962E-01    8.90748770E-02    8.75228348E-01
    1.00353535E+00    2.51327209E-01    9.16668463E-01    1.04214673E-01    8.57447126E-01
    1.00353535E+00    2.51327209E-01    9.33364665E-01    1.20961126E-01    8.40353585E-01
    1.00353535E+00    2.51327209E-01    9.50018166E-01    1.39271181E-01    8.23992198E-01
    1.00353535E+00    2.51327209E-01    9.66671666E-01    1.59220979E-01    8.08278137E-01
    1.00353535E+00    2.51327209E-01    9.83367868E-01    1.80896392E-01    7.93135938E-01
    1.00353535E+00    2.51327209E-01    1.00002137E+00    2.04207987E-01    7.78608114E-01
    1.00353535E+00    2.51327209E-01    1.01667487E+00    2.29223801E-01    7.64622778E-01
    1.00353535E+00    2.51327209E-01    1.03337107E+00    2.56022956E-01    7.51115889E-01
    1.00353535E+00    2.51327209E-01    1.05002457E+00    2.84470693E-01    7.38128452E-01
    1.00353535E+00    2.51327209E-01    1.06667807E+00    3.14629894E-01    7.25599199E-01
    1.00353535E+00    2.51327209E-01    1.08337428E+00    3.46575525E-01    7.13473283E-01
    1.00353535E+00    2.51327209E-01    1.10002778E+00    3.80130140E-01    7.01789909E-01
    1.00353535E+00    2.51327209E-01    1.11668128E+00    4.15354522E-01    6.90496320E-01
    1.00353535E+00    2.51327209E-01    1.13333478E+00    4.52225553E-01    6.79572721E-01
    1.00353535E+00    2.51327209E-01    1.15003098E+00    4.90816828E-01    6.68973925E-01
    1.00353535E+00    2.51327209E-01    1.16668448E+00    5.30900046E-01    6.58736820E-01
    1.00353535E+00    2.51327209E-01    1.18333798E+00    5.72537648E-01    6.48817664E-01
    1.00353535E+00    2.51327209E-01    1.20003418E+00    6.15804999E-01    6.39177018E-01
    1.00353535E+00    2.51327209E-01    1.21668768E+00    6.60440761E-01    6.29849916E-01
    1.00353535E+00    2.51327209E-01    1.23334118E+00    7.06511368E-01    6.20798042E-01
    1.00353535E+00    2.51327209E-01    1.25003739E+00    7.54095903E-01    6.11986721E-01
    1.00353535E+00    2.51327209E-01    1.26669089E+00    8.02904684E-01    6.03449267E-01
    1.00353535E+00    2.51327209E-01    1.28334439E+00    8.53009916E-01    5.95151742E-01
    1.00353535E+00    2.51327209E-01    1.30004059E+00    9.04495764E-01    5.87063322E-01
    1.00353535E+00    2.51327209E-01    1.31669409E+00    9.57048667E-01    5.79215632E-01
    1.00353535E+00    2.51327209E-01    1.33334759E+00    1.01074776E+00    5.71578444E-01
    1.00353535E+00    2.51327209E-01    1.35000109E+00    1.06554132E+00    5.64142910E-01
    1.00353535E+00    2.51327209E-01    1.36669729E+00    1.12152168E+00    5.56882470E-01
    1.00353535E+00    2.51327209E-01    1.38335080E+00    1.17834986E+00    5.49826327E-01
    1.00353535E+00    2.51327209E-01    1.40000430E+00    1.23611534E+00    5.42948482E-01
    1.00353535E+00    2.51327209E-01    1.41670050E+00    1.29491710E+00    5.36224912E-01
    1.00353535E+00    2.51327209E-01    1.43335400E+00    1.35440186E+00    5.29683285E-01
    1.00353535E+00    2.51327209E-01    1.45000750E+00    1.41466674E+00    5.23299891E-01
    1.00353535E+00    2.51327209E-01    1.46670370E+00    1.47581744E+00    5.17052991E-01
    1.00353535E+00    2.51327209E-01    1.48335720E+00    1.53748984E+00    5.10968891E-01
    1.00353535E+00    2.51327209E-01    1.50001070E+00    1.59978935E+00    5.05026324E-01
    1.00353535E+00    2.51327209E-01    1.51670691E+00    1.66282776E+00    4.99205137E-01
    1.00353535E+00    2.51327209E-01    1.53336041E+00    1.72623347E+00    4.93530280E-01
    1.00353535E+00    2.51327209E-01    1.55001391E+00    1.79011856E+00    4.87981981E-01
    1.00353535E+00    2.51327209E-01    1.56666741E+00    1.85443608E+00    4.82556071E-01
    1.00353535E+00    2.51327209E-01    1.58336361E+00    1.91930576E+00    4.77234694E-01
    1.00353535E+00    2.51327209E-01    1.60001711E+00    1.98435137E+00    4.72041728E-01
    1.00353535E+00    2.51327209E-01    1.61667061E+00    2.04969321E+00    4.66958739E-01
    1.00353535E+00    2.51327209E-01    1.63336681E+00    2.11545654E+00    4.61969756E-01
    1.00353535E+00    2.51327209E-01    1.65002031E+00    2.18126274E+00    4.57096678E-01
    1.00353535E+00    2.51327209E-01    1.66667381E+00    2.24723875E+00    4.52323458E-01
    1.00353535E+00    2.51327209E-01    1.68337002E+00    2.31351465E+00    4.47635105E-01
    1.00353535E+00    2.51327209E-01    1.70002352E+00    2.37971254E+00    4.43052584E-01
    1.00353535E+00    2.51327209E-01    1.71667702E+00    2.44596539E+00    4.38561263E-01
    1.00353535E+00    2.51327209E-01    1.73337322E+00    2.51240404E+00    4.34145622E-01
    1.00353535E+00    2.51327209E-01    1.75002672E+00    2.57865432E+00    4.29826707E-01
    1.00353535E+00    2.51327209E-01    1.76668022E+00    2.64485228E+00    4.25590278E-01
    1.00353535E+00    2.51327209E-01    1.78333372E+00    2.71096418E+00    4.21433670E-01
    1.00353535E+00    2.51327209E-01    1.80002992E+00    2.77712896E+00    4.17345038E-01
    1.00353535E+00    2.51327209E-01    1.81668342E+00    2.84297664E+00    4.13342340E-01
    1.00353535E+00    2.51327209E-01    1.83333693E+00    2.90864896E+00    4.09413767E-01
    1.00353535E+00    2.51327209E-01    1.85003313E+00    2.97428129E+00    4.05545209E-01
    1.00353535E+00    2.51327209E-01    1.86668663E+00    3.03951016E+00    4.01755389E-01
    1.00353535E+00    2.51327209E-01    1.88334013E+00    3.10448080E+00    3.98033427E-01
    1.00353535E+00    2.51327209E-01    1.90003633E+00    3.16933093E+00    3.94366713E-01
    1.00353535E+00    2.51327209E-01    1.91668983E+00    3.23370499E+00    3.90773059E-01
    1.00353535E+00    2.51327209E-01    1.93334333E+00    3.29775071E+00    3.87242734E-01
    1.00353535E+00    2.51327209E-01    1.95003953E+00    3.36160529E+00    3.83763141E-01
    1.00353535E+00    2.51327209E-01    1.96669304E+00    3.42492338E+00    3.80351920E-01
    1.00353535E+00    2.51327209E-01    1.98334654E+00    3.48784123E+00    3.76995101E-01
    1.00353535E+00    2.51327209E-01    2.00004274E+00    3.55050145E+00    3.73685380E-01
    1.00353535E+00    2.51327209E-01    2.01669624E+00    3.61257059E+00    3.70439055E-01
    1.00353535E+00    2.51327209E-01    2.03334974E+00    3.67418542E+00    3.67243681E-01
    1.00353535E+00    2.51327209E-01    2.05000324E+00    3.73533074E+00    3.64099354E-01
    1.00353535E+00    2.51327209E-01    2.06669944E+00    3.79615545E+00    3.61000214E-01
    1.00353535E+00    2.51327209E-01    2.08335294E+00    3.85633183E+00    3.57958169E-01
    1.00353535E+00    2.51327209E-01    2.10000644E+00    3.91599486E+00    3.54962595E-01
    1.00353535E+00    2.51327209E-01    2.11670265E+00    3.97528758E+00    3.52006620E-01
    1.00353535E+00    2.51327209E-01    2.13335615E+00    4.03388079E+00    3.49099452E-01
    1.00353535E+00    2.51327209E-01    2.15000965E+00    4.09193119E+00    3.46239815E-01
    1.00353535E+00    2.51327209E-01    2.16670585E+00    4.14956574E+00    3.43413586E-01
    1.00353535E+00    2.51327209E-01    2.18335935E+00    4.20646934E+00    3.40633568E-01
    1.00353535E+00    2.51327209E-01    2.20001285E+00    4.26279428E+00    3.37896658E-01
    1.00353535E+00    2.51327209E-01    2.21670905E+00    4.31868521E+00    3.35196874E-01
    1.00353535E+00    2.51327209E-01    2.23336255E+00    4.37384393E+00    3.32543676E-01
    1.00353535E+00    2.51327209E-01    2.25001605E+00    4.42838976E+00    3.29925465E-01
    1.00353535E+00    2.51327209E-01    2.26666956E+00    4.48233346E+00    3.27348371E-01
    1.00353535E+00    2.51327209E-01    2.28336576E+00    4.53579076E+00    3.24798137E-01
    1.00353535E+00    2.51327209E-01    2.30001926E+00    4.58848611E+00    3.22291300E-01
    1.00353535E+00    2.51327209E-01    2.31667276E+00    4.64056700E+00    3.19821914E-01
    1.00353535E+00    2.51327209E-01    2.33336896E+00    4.69210894E+00    3.17368198E-01
    1.00353535E+00    2.51327209E-01    2.35002246E+00    4.74287326E+00    3.14955958E-01
    1.00353535E+00    2.51327209E-01    2.36667596E+00    4.79301099E+00    3.12581757E-01
    1.00353535E+00    2.51327209E-01    2.38337216E+00    4.84263869E+00    3.10235161E-01
    1.00353535E+00    2.51327209E-01    2.40002567E+00    4.89148528E+00    3.07923676E-01
    1.00353535E+00    2.51327209E-01    2.41667917E+00    4.93966802E+00    3.05639510E-01
    1.00353535E+00    2.51327209E-01    2.43337537E+00    4.98734258E+00    3.03385957E-01
    1.00353535E+00    2.51327209E-01    2.45002887E+00    5.03425338E+00    3.01165067E-01
    1.00353535E+00    2.51327209E-01    2.46668237E+00    5.08050613E+00    2.98973046E-01
    1.00353535E+00    2.51327209E-01    2.48333587E+00    5.12614251E+00    2.96821230E-01
    1.00353535E+00    2.51327209E-01    2.50003207E+00    5.17117146E+00    2.94671491E-01
    1.00353535E+00    2.51327209E-01    2.51668557E+00    5.21539731E+00    2.92556661E-01
    1.00353535E+00    2.51327209E-01    2.53333907E+00    5.25899680E+00    2.90477023E-01
    1.00353535E+00    2.51327209E-01    2.55003528E+00    5.30206338E+00    2.88414226E-01
    1.00353535E+00    2.51327209E-01    2.56668878E+00    5.34433883E+00    2.86371783E-01
    1.00353535E+00    2.51327209E-01    2.58334228E+00    5.38593111E+00    2.84354547E-01
    1.00353535E+00    2.51327209E-01    2.60003848E+00    5.42695442E+00    2.82362454E-01
    1.00353535E+00    2.51327209E-01    2.61669198E+00    5.46724201E+00    2.80414643E-01
    1.00353535E+00    2.51327209E-01    2.63334548E+00    5.50689380E+00    2.78494767E-01
    1.00353535E+00    2.51327209E-01    2.65004168E+00    5.54600547E+00    2.76589642E-01
    1.00353535E+00    2.51327209E-01    2.66669518E+00    5.58447401E+00    2.74729740E-01
    1.00353535E+00    2.51327209E-01    2.68334868E+00    5.62226560E+00    2.72864560E-01
    1.00353535E+00    2.51327209E-01    2.70000219E+00    5.65939674E+00    2.71026457E-01
    1.00353535E+00    2.51327209E-01    2.71669839E+00    5.69603608E+00    2.69233246E-01
    1.00353535E+00    2.51327209E-01    2.73335189E+00    5.73191299E+00    2.67465176E-01
    1.00353535E+00    2.51327209E-01    2.75000539E+00    5.76705919E+00    2.65708793E-01
    1.00353535E+00    2.51327209E-01    2.76670159E+00    5.80162141E+00    2.63948897E-01
    1.00353535E+00    2.51327209E-01    2.78335509E+00    5.83551051E+00    2.62196638E-01
    1.00353535E+00    2.51327209E-01    2.80000859E+00    5.86881577E+00    2.60455496E-01
    1.00353535E+00    2.51327209E-01    2.81670479E+00    5.90164300E+00    2.58727997E-01
    1.00353535E+00    2.51327209E-01    2.83335829E+00    5.93379089E+00    2.57034004E-01
    1.00353535E+00    2.51327209E-01    2.85001180E+00    5.96530988E+00    2.55371425E-01
    1.00353535E+00    2.51327209E-01    2.86670800E+00    5.99640996E+00    2.53754185E-01
    1.00353535E+00    2.51327209E-01    2.88336150E+00    6.02684361E+00    2.52160850E-01
    1.00353535E+00    2.51327209E-01    2.90001500E+00    6.05680878E+00    2.50617084E-01
    1.00353535E+00    2.51327209E-01    2.91666850E+00    6.08654682E+00    2.49085760E-01
    1.00353535E+00    2.51327209E-01    2.93336470E+00    6.11585895E+00    2.47509668E-01
    1.00353535E+00    2.51327209E-01    2.95001820E+00    6.14449974E+00    2.45890276E-01
    1.00353535E+00    2.51327209E-01    2.96667170E+00    6.17246355E+00    2.44284580E-01
    1.00353535E+00    2.51327209E-01    2.98336791E+00    6.19972368E+00    2.42737706E-01
    1.00353535E+00    2.51327209E-01    3.00002141E+00    6.22625220E+00    2.41222499E-01
    1.00353535E+00    2.51327209E-01    3.01667491E+00    6.25218642E+00    2.39717667E-01
    1.00353535E+00    2.51327209E-01    3.03337111E+00    6.27763963E+00    2.38213865E-01
    1.00353535E+00    2.51327209E-01    3.05002461E+00    6.30253654E+00    2.36714593E-01
    1.00353535E+00    2.51327209E-01    3.06667811E+00    6.32694963E+00    2.35219262E-01
    1.00353535E+00    2.51327209E-01    3.08337431E+00    6.35108981E+00    2.33742720E-01
    1.00353535E+00    2.51327209E-01    3.10002781E+00    6.37479835E+00    2.32240919E-01
    1.00353535E+00    2.51327209E-01    3.11668131E+00    6.39864956E+00    2.30803346E-01
    1.00353535E+00    2.51327209E-01    3.13333481E+00    6.42215117E+00    2.29702781E-01
    1.00353535E+00    2.51327209E-01    3.15003102E+00    6.44486457E+00    2.28657024E-01
    1.00353535E+00    2.51327209E-01    3.16668452E+00    6.46668558E+00    2.27595390E-01
    1.00353535E+00    2.51327209E-01    3.18333802E+00    6.48783407E+00    2.26530803E-01
    1.00353535E+00    2.51327209E-01    3.20003422E+00    6.50863152E+00    2.25431719E-01
    1.00353535E+00    2.51327209E-01    3.21668772E+00    6.52885463E+00    2.24351227E-01
    1.00353535E+00    2.51327209E-01    3.23334122E+00    6.54849402E+00    2.23290608E-01
    1.00353535E+00    2.51327209E-01    3.25003742E+00    6.56760261E+00    2.22242502E-01
    1.00353535E+00    2.51327209E-01    3.26669092E+00    6.58611328E+00    2.21207464E-01
    1.00353535E+00    2.51327209E-01    3.28334443E+00    6.60411672E+00    2.20185036E-01
    1.00353535E+00    2.51327209E-01    3.30004063E+00    6.62163136E+00    2.19178207E-01
    1.00353535E+00    2.51327209E-01    3.31669413E+00    6.63866566E+00    2.18215093E-01
    1.00353535E+00    2.51327209E-01    3.33334763E+00    6.65530354E+00    2.17282476E-01
    1.00353535E+00    2.51327209E-01    3.35000113E+00    6.67130090E+00    2.16354075E-01
    1.00353535E+00    2.51327209E-01    3.36669733E+00    6.68639172E+00    2.15214112E-01
    1.00353535E+00    2.51327209E-01    3.38335083E+00    6.70077256E+00    2.13760286E-01
    1.00353535E+00    2.51327209E-01    3.40000433E+00    6.71454160E+00    2.12353750E-01
    1.00353535E+00    2.51327209E-01    3.41670054E+00    6.72812027E+00    2.11038151E-01
    1.00353535E+00    2.51327209E-01    3.43335404E+00    6.74148187E+00    2.09798249E-01
    1.00353535E+00    2.51327209E-01    3.45000754E+00    6.75471296E+00    2.08568716E-01
    1.00353535E+00    2.51327209E-01    3.46670374E+00    6.76773630E+00    2.07358243E-01
    1.00353535E+00    2.51327209E-01    3.48335724E+00    6.78039011E+00    2.06180849E-01
    1.00353535E+00    2.51327209E-01    3.50001074E+00    6.79267231E+00    2.05029106E-01
    1.00353535E+00    2.51327209E-01    3.51670694E+00    6.80460303E+00    2.03890601E-01
    1.00353535E+00    2.51327209E-01    3.53336044E+00    6.81612702E+00    2.02763775E-01
    1.00353535E+00    2.51327209E-01    3.55001394E+00    6.82724547E+00    2.01647285E-01
    1.00353535E+00    2.51327209E-01    3.56666744E+00    6.83792417E+00    2.00539824E-01
    1.00353535E+00    2.51327209E-01    3.58336365E+00    6.84806796E+00    1.99426892E-01
    1.00353535E+00    2.51327209E-01    3.60001715E+00    6.85740049E+00    1.98269836E-01
    1.00353535E+00    2.51327209E-01    3.61667065E+00    6.86606816E+00    1.97100046E-01
    1.00353535E+00    2.51327209E-01    3.63336685E+00    6.87425777E+00    1.95998210E-01
    1.00353535E+00    2.51327209E-01    3.65002035E+00    6.88239406E+00    1.94910058E-01
    1.00353535E+00    2.51327209E-01    3.66667385E+00    6.89050134E+00    1.93843545E-01
    1.00353535E+00    2.51327209E-01    3.68337005E+00    6.89836128E+00    1.92804432E-01
    1.00353535E+00    2.51327209E-01    3.70002355E+00    6.90583915E+00    1.91790226E-01
    1.00353535E+00    2.51327209E-01    3.71667705E+00    6.91299345E+00    1.90776019E-01
    1.00353535E+00    2.51327209E-01    3.73337326E+00    6.91992084E+00    1.89746694E-01
    1.00353535E+00    2.51327209E-01    3.75002676E+00    6.92655083E+00    1.88723467E-01
    1.00353535E+00    2.51327209E-01    3.76668026E+00    6.93287309E+00    1.87710167E-01
    1.00353535E+00    2.51327209E-01    3.78333376E+00    6.93887649E+00    1.86706833E-01
    1.00353535E+00    2.51327209E-01    3.80002996E+00    6.94459790E+00    1.85703769E-01
    1.00353535E+00    2.51327209E-01    3.81668346E+00    6.95001343E+00    1.84705762E-01
    1.00353535E+00    2.51327209E-01    3.83333696E+00    6.95513045E+00    1.83713189E-01
    1.00353535E+00    2.51327209E-01    3.85003316E+00    6.95993513E+00    1.82722947E-01
    1.00353535E+00    2.51327209E-01    3.86668667E+00    6.96435746E+00    1.81732454E-01
    1.00353535E+00    2.51327209E-01    3.88334017E+00    6.96841912E+00    1.80750571E-01
    1.00353535E+00    2.51327209E-01    3.90003637E+00    6.97219401E+00    1.79799226E-01
    1.00353535E+00    2.51327209E-01    3.91668987E+00    6.97571687E+00    1.78883775E-01
    1.00353535E+00    2.51327209E-01    3.93334337E+00    6.97882369E+00    1.78023237E-01
    1.00353535E+00    2.51327209E-01    3.95003957E+00    6.98162014E+00    1.77146389E-01
    1.00353535E+00    2.51327209E-01    3.96669307E+00    6.98414480E+00    1.76255246E-01
    1.00353535E+00    2.51327209E-01    3.98334657E+00    6.98637151E+00    1.75368455E-01
    1.00353535E+00    2.51327209E-01    4.00004278E+00    6.98827117E+00    1.74498542E-01
    1.00353535E+00    2.51327209E-01    4.01669628E+00    6.98989151E+00    1.73633179E-01
    1.00353535E+00    2.51327209E-01    4.03334978E+00    6.99129313E+00    1.72762519E-01
    1.00353535E+00    2.51327209E-01    4.05000328E+00    6.99247128E+00    1.71893500E-01
    1.00353535E+00    2.51327209E-01    4.06669948E+00    6.99341140E+00    1.71030135E-01
    1.00353535E+00    2.51327209E-01    4.08335298E+00    6.99410860E+00    1.70176142E-01
    1.00353535E+00    2.51327209E-01    4.10000648E+00    6.99458538E+00    1.69324549E-01
    1.00353535E+00    2.51327209E-01    4.11670268E+00    6.99485068E+00    1.68473177E-01
    1.00353535E+00    2.51327209E-01    4.13335618E+00    6.99490447E+00    1.67629123E-01
    1.00353535E+00    2.51327209E-01    4.15000968E+00    6.99475425E+00    1.66793966E-01
    1.00353535E+00    2.51327209E-01    4.16670589E+00    6.99440006E+00    1.65962951E-01
    1.00353535E+00    2.51327209E-01    4.18335939E+00    6.99383392E+00    1.65136783E-01
    1.00353535E+00    2.51327209E-01    4.20001289E+00    6.99306860E+00    1.64315618E-01
    1.00353535E+00    2.51327209E-01    4.21670909E+00    6.99209309E+00    1.63503091E-01
    1.00353535E+00    2.51327209E-01    4.23336259E+00    6.99087261E+00    1.62702725E-01
    1.00353535E+00    2.51327209E-01    4.25001609E+00    6.98936929E+00    1.61914988E-01
    1.00353535E+00    2.51327209E-01    4.26666959E+00    6.98753789E+00    1.61147436E-01
    1.00353535E+00    2.51327209E-01    4.28336579E+00    6.98547953E+00    1.60373060E-01
    1.00353535E+00    2.51327209E-01    4.30001930E+00    6.98321897E+00    1.59602211E-01
    1.00353535E+00    2.51327209E-01    4.31667280E+00    6.98072274E+00    1.58844233E-01
    1.00353535E+00    2.51327209E-01    4.33336900E+00    6.97797640E+00    1.58096736E-01
    1.00353535E+00    2.51327209E-01    4.35002250E+00    6.97503886E+00    1.57352336E-01
    1.00353535E+00    2.51327209E-01    4.36667600E+00    6.97192165E+00    1.56608507E-01
    1.00353535E+00    2.51327209E-01    4.38337220E+00    6.96861073E+00    1.55867684E-01
    1.00353535E+00    2.51327209E-01    4.40002570E+00    6.96511815E+00    1.55135538E-01
    1.00353535E+00    2.51327209E-01    4.41667920E+00    6.96144882E+00    1.54407156E-01
    1.00353535E+00    2.51327209E-01    4.43337540E+00    6.95760557E+00    1.53679094E-01
    1.00353535E+00    2.51327209E-01    4.45002891E+00    6.95361255E+00    1.52955837E-01
    1.00353535E+00    2.51327209E-01    4.46668241E+00    6.94945936E+00    1.52236956E-01
    1.00353535E+00    2.51327209E-01    4.48333591E+00    6.94514892E+00    1.51522634E-01
    1.00353535E+00    2.51327209E-01    4.50003211E+00    6.94067881E+00    1.50811167E-01
    1.00353535E+00    2.51327209E-01    4.51668561E+00    6.93607921E+00    1.50105990E-01
    1.00353535E+00    2.51327209E-01    4.53333911E+00    6.93133791E+00    1.49403650E-01
    1.00353535E+00    2.51327209E-01    4.55003531E+00    6.92644249E+00    1.48701890E-01
    1.00353535E+00    2.51327209E-01    4.56668881E+00    6.92142298E+00    1.48002731E-01
    1.00353535E+00    2.51327209E-01    4.58334231E+00    6.91625225E+00    1.47307165E-01
    1.00353535E+00    2.51327209E-01    4.60003852E+00    6.91090630E+00    1.46615441E-01
    1.00353535E+00    2.51327209E-01    4.61669202E+00    6.90538066E+00    1.45940231E-01
    1.00353535E+00    2.51327209E-01    4.63334552E+00    6.89968561E+00    1.45270764E-01
    1.00353535E+00    2.51327209E-01    4.65004172E+00    6.89382962E+00    1.44601280E-01
    1.00353535E+00    2.51327209E-01    4.66669522E+00    6.88783079E+00    1.43940822E-01
    1.00353535E+00    2.51327209E-01    4.68334872E+00    6.88166030E+00    1.43290494E-01
    1.00353535E+00    2.51327209E-01    4.70000222E+00    6.87533638E+00    1.42644865E-01
    1.00353535E+00    2.51327209E-01    4.71669842E+00    6.86885734E+00    1.42000208E-01
    1.00353535E+00    2.51327209E-01    4.73335192E+00    6.86225557E+00    1.41362007E-01
    1.00353535E+00    2.51327209E-01    4.75000543E+00    6.85551323E+00    1.40729598E-01
    1.00353535E+00    2.51327209E-01    4.76670163E+00    6.84862111E+00    1.40099617E-01
    1.00353535E+00    2.51327209E-01    4.78335513E+00    6.84162391E+00    1.39474018E-01
    1.00353535E+00    2.51327209E-01    4.80000863E+00    6.83450817E+00    1.38851535E-01
    1.00353535E+00    2.51327209E-01    4.81670483E+00    6.82725653E+00    1.38231273E-01
    1.00353535E+00    2.51327209E-01    4.83335833E+00    6.81990972E+00    1.37616230E-01
    1.00353535E+00    2.51327209E-01    4.85001183E+00    6.81245453E+00    1.37004266E-01
    1.00353535E+00    2.51327209E-01    4.86670803E+00    6.80487579E+00    1.36393663E-01
    1.00353535E+00    2.51327209E-01    4.88336154E+00    6.79721515E+00    1.35787846E-01
    1.00353535E+00    2.51327209E-01    4.90001504E+00    6.78945595E+00    1.35185540E-01
    1.00353535E+00    2.51327209E-01    4.91666854E+00    6.78160080E+00    1.34586701E-01
    1.00353535E+00    2.51327209E-01    4.93336474E+00    6.77363139E+00    1.33989063E-01
    1.00353535E+00    2.51327209E-01    4.95001824E+00    6.76559359E+00    1.33394606E-01
    1.00353535E+00    2.51327209E-01    4.96667174E+00    6.75747397E+00    1.32800668E-01
    1.00353535E+00    2.51327209E-01    4.98336794E+00    6.74924801E+00    1.32207243E-01
    1.00353535E+00    2.51327209E-01    5.00002144E+00    6.74094264E+00    1.31621854E-01
